Rowid_,PLOT_ID,COUNT,AREA,MIN,MAX,RANGE,MEAN,STD,SUM
,201,538,0.000000017374134,0.161494404077530,0.372624009847641,0.211129605770111,0.226054529108966,0.052850655906570,121.617336660623550
,202,555,0.000000017923131,0.186514094471931,0.366241633892059,0.179727539420128,0.276635972068116,0.029963600451018,153.532964497804642
,203,518,0.000000016728256,0.178071647882462,0.390538096427917,0.212466448545456,0.306311655430030,0.031098921801166,158.669437512755394
,204,555,0.000000017923131,0.224060699343681,0.412578195333481,0.188517495989799,0.320283126750508,0.034921270775032,177.757135346531868
,205,524,0.000000016922019,0.203443869948387,0.374912619590759,0.171468749642372,0.311346287092635,0.030665082336789,163.145454436540604
,206,532,0.000000017180371,0.164018988609314,0.402072072029114,0.238053083419800,0.314351728956278,0.037713359453614,167.235119804739952
,301,552,0.000000017826249,0.228173479437828,0.397360801696777,0.169187322258949,0.324301001683309,0.032843429310182,179.014152929186821
,302,518,0.000000016728256,0.212845385074615,0.372218817472458,0.159373432397842,0.274483191000449,0.026547196619403,142.182292938232422
,303,568,0.000000018342952,0.176331087946892,0.362460523843765,0.186129435896873,0.291535062007081,0.029986530397895,165.591915220022202
,304,518,0.000000016728256,0.194280087947845,0.354138046503067,0.159857958555222,0.302756959896060,0.027043738147499,156.828105226159096
,305,556,0.000000017955425,0.205002322793007,0.342515826225281,0.137513503432274,0.301817722832985,0.024397382977152,167.810653895139694
,306,540,0.000000017438722,0.200765624642372,0.340799242258072,0.140033617615700,0.288847842067480,0.023678829284295,155.977834716439247
,401,550,0.000000017761661,0.225499898195267,0.403087109327316,0.177587211132050,0.329886482628909,0.032568104144241,181.437565445899963
,402,554,0.000000017890837,0.202924400568008,0.347241818904877,0.144317418336868,0.271114668233945,0.022946317828934,150.197526201605797
,403,532,0.000000017180371,0.202962175011635,0.351603895425797,0.148641720414162,0.290004897414518,0.027907807184397,154.282605424523354
,404,555,0.000000017923131,0.183751225471497,0.366048216819763,0.182296991348267,0.297994003317378,0.027524688975072,165.386671841144562
,405,536,0.000000017309546,0.210446357727051,0.345161050558090,0.134714692831039,0.294809459917136,0.021743732062488,158.017870515584946
,406,533,0.000000017212665,0.214333400130272,0.385105997323990,0.170772597193718,0.299067471057568,0.027497608229154,159.402962073683739
,501,549,0.000000017729367,0.212919816374779,0.411486923694611,0.198567107319832,0.326082166671102,0.036725699072763,179.019109502434731
,502,519,0.000000016760550,0.171503067016602,0.317982405424118,0.146479338407516,0.235260359727578,0.033668418100304,122.100126698613167
,503,570,0.000000018407540,0.194778531789780,0.383849084377289,0.189070552587509,0.302324726890054,0.031451008789114,172.325094327330589
,504,518,0.000000016728256,0.182420164346695,0.353218525648117,0.170798361301422,0.297341901391860,0.029112532746493,154.023104920983315
,505,566,0.000000018278364,0.185481727123260,0.341651052236557,0.156169325113297,0.289602463005288,0.027786108356600,163.914994060993195
,506,538,0.000000017374134,0.201612696051598,0.371312618255615,0.169699922204018,0.296708037917499,0.030604802863770,159.628924399614334
,601,545,0.000000017600192,0.261374920606613,0.400584369897842,0.139209449291229,0.329685911126093,0.028392555028964,179.678821563720703
,602,552,0.000000017826249,0.222326219081879,0.378354996442795,0.156028777360916,0.288642942986411,0.027514104320192,159.330904528498650
,603,531,0.000000017148077,0.193433940410614,0.377496719360352,0.184062778949738,0.299319821562471,0.031570769446292,158.938825249671936
,604,555,0.000000017923131,0.210103735327721,0.376765221357346,0.166661486029625,0.315309279083132,0.029608956367473,174.996649891138077
,605,534,0.000000017244959,0.192773446440697,0.380967527627945,0.188194081187248,0.308189746508661,0.029734523320546,164.573324635624886
,606,535,0.000000017277252,0.226903125643730,0.411623895168304,0.184720769524574,0.316425493248155,0.032812356690642,169.287638887763023
,801,552,0.000000017826249,0.223206594586372,0.420468121767044,0.197261527180672,0.324893237105098,0.040964381380337,179.341066882014275
,802,543,0.000000017535604,0.216529130935669,0.391122490167618,0.174593359231949,0.276523671454268,0.030518128777931,150.152353599667549
,803,518,0.000000016728256,0.207346230745316,0.382829010486603,0.175482779741287,0.314772932657174,0.033010353535586,163.052379116415977
,804,560,0.000000018084601,0.207903295755386,0.413879066705704,0.205975770950317,0.346947041340172,0.031367031644719,194.290343150496483
,805,518,0.000000016728256,0.187104254961014,0.343552768230438,0.156448513269424,0.274992382319277,0.024106490187038,142.446054041385651
,806,548,0.000000017697074,0.185549050569534,0.369872689247131,0.184323638677597,0.291657306988091,0.031529097768011,159.828204229474068
,901,518,0.000000016728256,0.231086075305939,0.423545420169830,0.192459344863892,0.341928365895647,0.036575822524757,177.118893533945084
,902,555,0.000000017923131,0.196890115737915,0.367881953716278,0.170991837978363,0.286410429858947,0.028207989690416,158.957788571715355
,903,549,0.000000017729367,0.201675117015839,0.343931943178177,0.142256826162338,0.281102517127774,0.024310519570340,154.325281903147697
,904,532,0.000000017180371,0.198915496468544,0.390909969806671,0.191994473338127,0.315619054985674,0.030789732431602,167.909337252378464
,905,555,0.000000017923131,0.147352874279022,0.357191115617752,0.209838241338730,0.282581748779830,0.035839778061870,156.832870572805405
,906,530,0.000000017115783,0.195341303944588,0.351995527744293,0.156654223799706,0.277584152261041,0.023648667473959,147.119600698351860
,1001,555,0.000000017923131,0.248286455869675,0.412433326244354,0.164146870374680,0.349599472789077,0.030993588549015,194.027707397937775
,1002,544,0.000000017567898,0.197891503572464,0.365451097488403,0.167559593915939,0.290807864245246,0.029373839496907,158.199478149414062
,1003,524,0.000000016922019,0.216250628232956,0.356712698936462,0.140462070703506,0.284978683127929,0.026132676489860,149.328829959034920
,1004,570,0.000000018407540,0.191032022237778,0.383613914251328,0.192581892013550,0.321670379189023,0.027264030656543,183.352116137742996
,1005,518,0.000000016728256,0.190063551068306,0.352702289819717,0.162638738751411,0.296019523386559,0.025796686072590,153.338113114237785
,1006,570,0.000000018407540,0.210604086518288,0.347933888435364,0.137329801917076,0.283763172647409,0.022034965293190,161.745008409023285
,1101,518,0.000000016728256,0.171508684754372,0.390548795461655,0.219040110707283,0.262241994293270,0.058919170009439,135.841353043913841
,1102,558,0.000000018020013,0.189469471573830,0.402386695146561,0.212917223572731,0.284380144703345,0.036070499215536,158.684120744466782
,1103,547,0.000000017664780,0.174847722053528,0.362669885158539,0.187822163105011,0.274000144936485,0.032813282150298,149.878079280257225
,1104,532,0.000000017180371,0.182283163070679,0.345472753047943,0.163189589977264,0.275624815066506,0.026399537654370,146.632401615381241
,1105,555,0.000000017923131,0.169939085841179,0.333297640085220,0.163358554244041,0.268270125582411,0.028922874812313,148.889919698238373
,1106,532,0.000000017180371,0.202924802899361,0.336717039346695,0.133792236447334,0.276996853124154,0.025772456047795,147.362325862050056
,1201,555,0.000000017923131,0.232453644275665,0.417982131242752,0.185528486967087,0.353446432625925,0.026930278374250,196.162770107388496
,1202,528,0.000000017051195,0.207371234893799,0.419864267110825,0.212493032217026,0.328984517237228,0.040692886728582,173.703825101256371
,1203,526,0.000000016986607,0.152455896139145,0.351501047611237,0.199045151472092,0.220871074316393,0.048949330062139,116.178185090422630
,1204,563,0.000000018181482,0.157467618584633,0.338370352983475,0.180902734398842,0.220739107810583,0.043516861981520,124.276117697358131
,1205,518,0.000000016728256,0.175713747739792,0.340204834938049,0.164491087198257,0.274288247191998,0.028767192586596,142.081312045454979
,1206,569,0.000000018375246,0.159405991435051,0.330067932605743,0.170661941170692,0.217394506784650,0.044443459579573,123.697474360466003
,1301,526,0.000000016986607,0.236428871750832,0.443843692541122,0.207414820790291,0.359798874323586,0.038585328045596,189.254207894206047
,1302,546,0.000000017632486,0.200365334749222,0.371162891387939,0.170797556638718,0.273413882396378,0.031330729405573,149.283979788422585
,1303,545,0.000000017600192,0.189289703965187,0.371062189340591,0.181772485375404,0.297809444955730,0.031245915137550,162.306147500872612
,1304,518,0.000000016728256,0.190990298986435,0.386978566646576,0.195988267660141,0.299167190854614,0.030457907488826,154.968604862689972
,1305,555,0.000000017923131,0.156491115689278,0.401490986347198,0.244999870657921,0.223806554535488,0.053501541037046,124.212637767195702
,1306,518,0.000000016728256,0.208949729800224,0.351895481348038,0.142945751547813,0.279346814630805,0.023259200099988,144.701649978756905
,1501,532,0.000000017180371,0.218364760279655,0.429147213697433,0.210782453417778,0.346481126810151,0.039031917443168,184.327959463000298
,1502,555,0.000000017923131,0.195919483900070,0.354226559400558,0.158307075500488,0.267222410735783,0.026230833523392,148.308437958359718
,1503,532,0.000000017180371,0.206602394580841,0.366343468427658,0.159741073846817,0.283272462735947,0.026746432604706,150.700950175523758
,1504,550,0.000000017761661,0.190416753292084,0.369297027587891,0.178880274295807,0.296238323937763,0.028297535873913,162.931078165769577
,1505,548,0.000000017697074,0.175927132368088,0.321075975894928,0.145148843526840,0.267681851031354,0.023923970478245,146.689654365181923
,1506,518,0.000000016728256,0.205033883452415,0.334042012691498,0.129008129239082,0.258790515305683,0.017057307512443,134.053486928343773
,1601,561,0.000000018116895,0.210337176918983,0.431324899196625,0.220987722277641,0.363723756635890,0.037538979170404,204.049027472734451
,1602,518,0.000000016728256,0.217538639903069,0.335297137498856,0.117758497595787,0.271741638830270,0.023247012338892,140.762168914079666
,1603,570,0.000000018407540,0.196367099881172,0.385567039251328,0.189199939370155,0.291682370242320,0.031272387012107,166.258951038122177
,1604,518,0.000000016728256,0.159551337361336,0.372459828853607,0.212908491492271,0.234296931723370,0.054848355795843,121.365810632705688
,1605,554,0.000000017890837,0.199077501893044,0.378391981124878,0.179314479231834,0.300387468525219,0.033771968853476,166.414657562971115
,1606,550,0.000000017761661,0.134451717138290,0.310120910406113,0.175669193267822,0.238914384110407,0.035675678848903,131.402911260724068
,1701,531,0.000000017148077,0.217518940567970,0.460108548402786,0.242589607834816,0.365391570576616,0.040090026545757,194.022923976182938
,1702,555,0.000000017923131,0.197880551218987,0.367092221975327,0.169211670756340,0.275330531677684,0.027183794749769,152.808445081114769
,1703,529,0.000000017083489,0.197875291109085,0.361720681190491,0.163845390081406,0.280169463647786,0.024510156075151,148.209646269679070
,1704,555,0.000000017923131,0.168485686182976,0.364400565624237,0.195914879441261,0.297380863224064,0.031812098117082,165.046379089355469
,1705,546,0.000000017632486,0.186398327350616,0.341721653938293,0.155323326587677,0.271239337330554,0.024894936447615,148.096678182482719
,1706,523,0.000000016889725,0.186644926667213,0.316514968872070,0.129870042204857,0.258487665374010,0.019995237952842,135.189048990607262
,1801,544,0.000000017567898,0.212406590580940,0.441660791635513,0.229254201054573,0.342713717562968,0.041959708361120,186.436262354254723
,1802,518,0.000000016728256,0.155719429254532,0.320294678211212,0.164575248956680,0.213509592224042,0.036816159180241,110.597968772053719
,1803,555,0.000000017923131,0.179478958249092,0.388094156980515,0.208615198731422,0.292270969646471,0.029308931131047,162.210388153791428
,1804,518,0.000000016728256,0.195810481905937,0.373997300863266,0.178186818957329,0.297136538593695,0.033400952730220,153.916726991534233
,1805,544,0.000000017567898,0.157572507858276,0.396883785724640,0.239311277866364,0.231559675625142,0.057667519274100,125.968463540077209
,1806,548,0.000000017697074,0.184375509619713,0.359898179769516,0.175522670149803,0.279929597121086,0.030167908276045,153.401419222354889
,1901,529,0.000000017083489,0.162996038794518,0.413237243890762,0.250241205096245,0.249505031142658,0.061379189497042,131.988161474466324
,1902,568,0.000000018342952,0.194595873355865,0.336216062307358,0.141620188951492,0.272950342580886,0.025470562011377,155.035794585943222
,1903,518,0.000000016728256,0.192514881491661,0.378208279609680,0.185693398118019,0.289826863290720,0.028989299149891,150.130315184593201
,1904,562,0.000000018149189,0.193943873047829,0.424705922603607,0.230762049555779,0.310841401833444,0.032835945594644,174.692867830395699
,1905,528,0.000000017051195,0.195419862866402,0.396422952413559,0.201003089547157,0.327917687594891,0.032226244473266,173.140539050102234
,1906,525,0.000000016954313,0.206147745251656,0.351259410381317,0.145111665129662,0.267669139390900,0.026160070518173,140.526298180222511
,2001,542,0.000000017503310,0.187945455312729,0.448716312646866,0.260770857334137,0.332554017843136,0.041738934752863,180.244277670979500
,2002,532,0.000000017180371,0.211974829435349,0.354058146476746,0.142083317041397,0.283875924023919,0.028905927151992,151.021991580724716
,2003,555,0.000000017923131,0.205295488238335,0.394477546215057,0.189182057976723,0.280105545633548,0.031995481937706,155.458577826619148
,2004,532,0.000000017180371,0.197675272822380,0.408810943365097,0.211135670542717,0.312944501470354,0.042811140083106,166.486474782228470
,2005,545,0.000000017600192,0.148309484124184,0.384916871786118,0.236607387661934,0.218099747885258,0.050724490625440,118.864362597465515
,2006,560,0.000000018084601,0.201701194047928,0.378522992134094,0.176821798086166,0.276806913342859,0.033937697862935,155.011871472001076
,2201,531,0.000000017148077,0.209391087293625,0.438257128000259,0.228866040706635,0.319647271950815,0.046173952742972,169.732701405882835
,2202,531,0.000000017148077,0.188597306609154,0.355320364236832,0.166723057627678,0.281142244567979,0.032910300411486,149.286531865596771
,2203,555,0.000000017923131,0.174126386642456,0.342425256967545,0.168298870325089,0.270100822185611,0.023442375259469,149.905956313014030
,2204,532,0.000000017180371,0.207783803343773,0.377286106348038,0.169502303004265,0.291788812446639,0.029454422165834,155.231648221611977
,2205,549,0.000000017729367,0.186730608344078,0.352999120950699,0.166268512606621,0.284778038362119,0.030132257360817,156.343143060803413
,2206,549,0.000000017729367,0.220147311687469,0.331129521131516,0.110982209444046,0.282689745580347,0.021925844820008,155.196670323610306
,2301,542,0.000000017503310,0.188556626439095,0.415533959865570,0.226977333426476,0.308446974497000,0.044676439848513,167.178260177373886
,2302,548,0.000000017697074,0.206174716353416,0.350932419300079,0.144757702946663,0.275776644366501,0.024239617844613,151.125601112842560
,2303,518,0.000000016728256,0.191057085990906,0.354935228824615,0.163878142833710,0.285647489820898,0.027564532954369,147.965399727225304
,2304,560,0.000000018084601,0.179520741105080,0.378901064395905,0.199380323290825,0.299551509746483,0.034554678842765,167.748845458030701
,2305,518,0.000000016728256,0.180542290210724,0.348300039768219,0.167757749557495,0.282337594820496,0.029114013767297,146.250874117016792
,2306,550,0.000000017761661,0.197391584515572,0.366367042064667,0.168975457549095,0.299485187178308,0.027361402936880,164.716852948069572
,2401,539,0.000000017406428,0.202086359262466,0.426761001348495,0.224674642086029,0.312020195022585,0.046505519491279,168.178885117173195
,2402,525,0.000000016954313,0.187546089291573,0.335235327482224,0.147689238190651,0.277821102000418,0.023698248380815,145.856078550219536
,2403,559,0.000000018052307,0.187303438782692,0.363843739032745,0.176540300250053,0.291344983739802,0.029887849028409,162.861845910549164
,2404,518,0.000000016728256,0.193803459405899,0.379000693559647,0.185197234153748,0.286113258408073,0.034104380872021,148.206667855381966
,2405,555,0.000000017923131,0.174498945474625,0.353802502155304,0.179303556680679,0.277929006503509,0.028215030148895,154.250598609447479
,2406,532,0.000000017180371,0.200439497828484,0.360592454671860,0.160152956843376,0.302816627785227,0.026154128812805,161.098445981740952
,2501,559,0.000000018052307,0.194613635540009,0.376666963100433,0.182053327560425,0.282472461675275,0.039566526587940,157.902106076478958
,2502,545,0.000000017600192,0.211874127388000,0.346983224153519,0.135109096765518,0.290450624315017,0.026562230898698,158.295590251684189
,2503,532,0.000000017180371,0.187565580010414,0.341368228197098,0.153802648186684,0.279788767736881,0.028781361992518,148.847624436020851
,2504,555,0.000000017923131,0.198991090059280,0.403497338294983,0.204506248235703,0.290501253723024,0.038205225679129,161.228195816278458
,2505,530,0.000000017115783,0.209278956055641,0.365327328443527,0.156048372387886,0.285687383728207,0.027749161408948,151.414313375949860
,2506,541,0.000000017471016,0.222972348332405,0.348157793283463,0.125185444951057,0.294319858530092,0.019709708704749,159.227043464779854
,2601,541,0.000000017471016,0.191925764083862,0.440412521362305,0.248486757278442,0.332565524441478,0.048351222708315,179.917948722839355
,2602,528,0.000000017051195,0.189360573887825,0.359297662973404,0.169937089085579,0.301234629823629,0.028023227221956,159.051884546875954
,2603,570,0.000000018407540,0.197752043604851,0.372027873992920,0.174275830388069,0.300134109954039,0.032100299841361,171.076442673802376
,2604,518,0.000000016728256,0.176990658044815,0.348899751901627,0.171909093856812,0.267474118433174,0.030926418016533,138.551593348383904
,2605,570,0.000000018407540,0.188961640000343,0.356787621974945,0.167825981974602,0.283325378492213,0.027087028396615,161.495465740561485
,2606,530,0.000000017115783,0.231958433985710,0.385573625564575,0.153615191578865,0.333927438759579,0.026963706095015,176.981542542576790
,2701,561,0.000000018116895,0.204766914248466,0.437739759683609,0.232972845435143,0.337344050593342,0.044828890411925,189.250012382864952
,2702,543,0.000000017535604,0.173771575093269,0.322115033864975,0.148343458771706,0.270754586925823,0.024320257024787,147.019740700721741
,2703,532,0.000000017180371,0.144449010491371,0.307304233312607,0.162855222821236,0.196029084825650,0.041005637569887,104.287473127245903
,2704,555,0.000000017923131,0.163108989596367,0.365718066692352,0.202609077095985,0.262992969289556,0.037794280974549,145.961097955703735
,2705,532,0.000000017180371,0.195362687110901,0.347448378801346,0.152085691690445,0.287768110464838,0.025815385763504,153.092634767293930
,2706,543,0.000000017535604,0.204312682151794,0.377955615520477,0.173642933368683,0.303380790034491,0.032924549887688,164.735768988728523