Rowid_,PLOT_ID,COUNT,AREA,MIN,MAX,RANGE,MEAN,STD,SUM
,201,626,0.000000017947933,0.102786444127560,0.506440877914429,0.403654433786869,0.221566233403100,0.094698895628978,138.700462110340595
,202,600,0.000000017202492,0.130742788314819,0.459532409906387,0.328789621591568,0.292906451821327,0.070357084015583,175.743871092796326
,203,624,0.000000017890592,0.151641264557838,0.503598749637604,0.351957485079765,0.356428905891684,0.052017466429806,222.411637276411057
,204,600,0.000000017202492,0.283415913581848,0.636356353759766,0.352940440177917,0.486173156648874,0.070681967559025,291.703893989324570
,205,625,0.000000017919263,0.280038267374039,0.588938117027283,0.308899849653244,0.455404975652695,0.057642739604402,284.628109782934189
,206,593,0.000000017001796,0.159848779439926,0.520807802677155,0.360959023237228,0.381503032265988,0.071516646208769,226.231298133730888
,301,614,0.000000017603884,0.147675439715385,0.457382410764694,0.309706971049309,0.340686704077627,0.061926850825647,209.181636303663254
,302,619,0.000000017747238,0.130816832184792,0.388809144496918,0.257992312312126,0.225654267316296,0.051884198148300,139.679991468787193
,303,585,0.000000016772430,0.190109565854073,0.514544546604156,0.324434980750084,0.372999356445084,0.062566523237632,218.204623520374298
,304,640,0.000000018349325,0.165088430047035,0.482685804367065,0.317597374320030,0.339235403109342,0.065364328967764,217.110657989978790
,305,600,0.000000017202492,0.205635815858841,0.538061320781708,0.332425504922867,0.400554567128420,0.071433961878019,240.332740277051926
,306,616,0.000000017661225,0.139409437775612,0.416172891855240,0.276763454079628,0.245869604386873,0.049091350208743,151.455676302313805
,401,591,0.000000016944455,0.136683404445648,0.436907917261124,0.300224512815475,0.250685662106814,0.054315102964848,148.155226305127144
,402,621,0.000000017804579,0.175768584012985,0.461678713560104,0.285910129547119,0.311623474082125,0.057255196132190,193.518177404999733
,403,605,0.000000017345846,0.241327524185181,0.517284393310547,0.275956869125366,0.396947650106485,0.058492860300932,240.153328314423561
,404,586,0.000000016801101,0.177525088191032,0.572820305824280,0.395295217633247,0.432712669945211,0.072527214187094,253.569624587893486
,405,640,0.000000018349325,0.181032583117485,0.446288019418716,0.265255436301231,0.338330195914023,0.053847985416583,216.531325384974480
,406,598,0.000000017145150,0.158191174268723,0.370088875293732,0.211897701025009,0.252682152674549,0.046542967591681,151.103927299380302
,501,624,0.000000017890592,0.123221196234226,0.437315791845322,0.314094595611095,0.312907330775395,0.071959328460807,195.254174403846264
,502,600,0.000000017202492,0.177260205149651,0.481004774570465,0.303744569420815,0.329326593453685,0.056482310669450,197.595956072211266
,503,628,0.000000018005275,0.185589924454689,0.473619908094406,0.288029983639717,0.328905860495985,0.062467541730880,206.552880391478539
,504,590,0.000000016915784,0.154776960611343,0.520310938358307,0.365533977746964,0.389195387924122,0.069958296730939,229.625278875231743
,505,600,0.000000017202492,0.193214297294617,0.464000910520554,0.270786613225937,0.367448206568758,0.051037835586633,220.468923941254616
,506,633,0.000000018148629,0.121247686445713,0.394570142030716,0.273322455585003,0.232352856717309,0.050862814464816,147.079358302056789
,601,585,0.000000016772430,0.108580835163593,0.532041847705841,0.423461012542248,0.223525449085949,0.087725351515189,130.762387715280056
,602,640,0.000000018349325,0.250106871128082,0.567879974842072,0.317773103713989,0.410393758304417,0.063738351072274,262.652005314826965
,603,600,0.000000017202492,0.157845720648766,0.488388359546661,0.330542638897896,0.341707500765721,0.064762549388543,205.024500459432602
,604,619,0.000000017747238,0.229197338223457,0.597466588020325,0.368269249796867,0.467589100747578,0.077728221013242,289.437653362751007
,605,600,0.000000017202492,0.253917515277863,0.559006094932556,0.305088579654694,0.427373540103436,0.054841311266426,256.424124062061310
,606,607,0.000000017403188,0.175531342625618,0.600379347801208,0.424848005175591,0.398323709086885,0.100263127956042,241.782491415739059
,801,639,0.000000018320654,0.118681192398071,0.443773925304413,0.325092732906342,0.292504945504647,0.069885826391065,186.910660177469254
,802,585,0.000000016772430,0.142076030373573,0.475991964340210,0.333915933966637,0.297805051467358,0.083121038418827,174.215955108404160
,803,614,0.000000017603884,0.291998982429504,0.608983278274536,0.316984295845032,0.483120240149747,0.067343231100359,296.635827451944351
,804,613,0.000000017575213,0.205550923943520,0.615895986557007,0.410345062613487,0.508707039143289,0.073102565541466,311.837414994835854
,805,585,0.000000016772430,0.183825433254242,0.477493464946747,0.293668031692505,0.359382805915979,0.052466356475329,210.238941460847855
,806,640,0.000000018349325,0.170111075043678,0.482758969068527,0.312647894024849,0.328643144271337,0.064702066206216,210.331612333655357
,901,600,0.000000017202492,0.125510975718498,0.443181693553925,0.317670717835426,0.263894205515583,0.069275495797888,158.336523309350014
,902,624,0.000000017890592,0.154079645872116,0.495744258165359,0.341664612293243,0.340747200477964,0.081160744908202,212.626253098249435
,903,600,0.000000017202492,0.306272119283676,0.544893383979797,0.238621264696121,0.419391396989425,0.052350409567156,251.634838193655014
,904,627,0.000000017976604,0.184639200568199,0.605584144592285,0.420944944024086,0.443290797384542,0.092215954816595,277.943329960107803
,905,591,0.000000016944455,0.082083202898502,0.498727977275848,0.416644774377346,0.353571827780273,0.073856944916592,208.960950218141079
,906,600,0.000000017202492,0.205717518925667,0.452765762805939,0.247048243880272,0.317886692782243,0.042223513490411,190.732015669345856
,1001,617,0.000000017689896,0.129226520657539,0.389667689800262,0.260441169142723,0.261731804769661,0.055824336883925,161.488523542881012
,1002,585,0.000000016772430,0.141134083271027,0.484987020492554,0.343852937221527,0.330122068346056,0.081050867085609,193.121409982442856
,1003,639,0.000000018320654,0.290179699659348,0.503107428550720,0.212927728891373,0.415466799142775,0.046327283423923,265.483284652233124
,1004,600,0.000000017202492,0.163137570023537,0.634367823600769,0.471230253577232,0.526104111522436,0.078110276755017,315.662466913461685
,1005,619,0.000000017747238,0.265874356031418,0.526229321956635,0.260354965925217,0.429004115559558,0.043834817906773,265.553547531366348
,1006,595,0.000000017059138,0.220118179917336,0.525938570499420,0.305820390582085,0.332314464499970,0.070443326667880,197.727106377482414
,1101,623,0.000000017861921,0.165249198675156,0.462785810232162,0.297536611557007,0.341198515858543,0.058549952323262,212.566675379872322
,1102,605,0.000000017345846,0.107651308178902,0.475193351507187,0.367542043328285,0.260559347087194,0.078289445511191,157.638404987752438
,1103,585,0.000000016772430,0.158385813236237,0.585046350955963,0.426660537719727,0.373214069722045,0.088868121108654,218.330230787396431
,1104,638,0.000000018291983,0.128920808434486,0.484191387891769,0.355270579457283,0.276526963706114,0.085010471544842,176.424202844500542
,1105,600,0.000000017202492,0.207225531339645,0.537169814109802,0.329944282770157,0.389605177417397,0.064383290267459,233.763106450438499
,1106,624,0.000000017890592,0.174583822488785,0.544009149074554,0.369425326585770,0.419881414239987,0.080498099861363,262.006002485752106
,1201,600,0.000000017202492,0.167764127254486,0.486669450998306,0.318905323743820,0.348613535438975,0.062641688760065,209.168121263384819
,1202,630,0.000000018062617,0.150171399116516,0.534858167171478,0.384686768054962,0.366753276685874,0.091737816070866,231.054564312100410
,1203,588,0.000000016858442,0.166766330599785,0.498202025890350,0.331435695290565,0.355186122767374,0.062244397045947,208.849440187215805
,1204,602,0.000000017259834,0.166185408830643,0.519535958766937,0.353350549936295,0.311683420426030,0.068423780554073,187.633419096469879
,1205,631,0.000000018091287,0.147032216191292,0.492632120847702,0.345599904656410,0.326878167370042,0.064979468803238,206.260123610496521
,1206,585,0.000000016772430,0.207400351762772,0.480229973793030,0.272829622030258,0.351141000660057,0.049796395562969,205.417485386133194
,1301,640,0.000000018349325,0.200765833258629,0.549656927585602,0.348891094326973,0.434099743189290,0.058199663095829,277.823835641145706
,1302,600,0.000000017202492,0.135170280933380,0.526765048503876,0.391594767570496,0.267450624903043,0.088142363705325,160.470374941825867
,1303,621,0.000000017804579,0.276998877525330,0.634053528308868,0.357054650783539,0.485458437131415,0.072171053013314,301.469689458608627
,1304,600,0.000000017202492,0.208632782101631,0.539687335491180,0.331054553389549,0.390214893023173,0.064581094163753,234.128935813903809
,1305,609,0.000000017460529,0.166625767946243,0.540076613426208,0.373450845479965,0.317978568436281,0.058738926212363,193.648948177695274
,1306,609,0.000000017460529,0.223250597715378,0.537674546241760,0.314423948526382,0.390606298357591,0.049974277365890,237.879235699772835
,1501,585,0.000000016772430,0.163339510560036,0.574961304664612,0.411621794104576,0.410955237425291,0.088528785695325,240.408813893795013
,1502,640,0.000000018349325,0.202735513448715,0.486799329519272,0.284063816070557,0.352221034397371,0.052709482147598,225.421462014317513
,1503,600,0.000000017202492,0.133818775415421,0.423266112804413,0.289447337388992,0.241179756994049,0.068223832837707,144.707854196429253
,1504,613,0.000000017575213,0.126990616321564,0.430038034915924,0.303047418594360,0.271917315500790,0.064681953777697,166.685314401984215
,1505,600,0.000000017202492,0.134729281067848,0.350832402706146,0.216103121638298,0.229071893791358,0.036163798211923,137.443136274814606
,1506,601,0.000000017231163,0.132992029190063,0.351016432046890,0.218024402856827,0.202959614863213,0.042510318830092,121.978728532791138
,1601,594,0.000000017030467,0.225864827632904,0.619128823280334,0.393263995647430,0.472476216829586,0.079029539320803,280.650872796773911
,1602,600,0.000000017202492,0.181645095348358,0.458563446998596,0.276918351650238,0.315778249601523,0.063646858962116,189.466949760913849
,1603,637,0.000000018263312,0.121529862284660,0.443703085184097,0.322173222899437,0.305350059359751,0.070915629417724,194.507987812161446
,1604,585,0.000000016772430,0.132708370685577,0.498175978660583,0.365467607975006,0.334258972477709,0.059826608506109,195.541498899459839
,1605,640,0.000000018349325,0.141077548265457,0.474828422069550,0.333750873804092,0.319401955627836,0.066630688268213,204.417251601815224
,1606,600,0.000000017202492,0.048120554536581,0.376581549644470,0.328460995107889,0.244489302877337,0.069475919595597,146.693581726402044
,1701,615,0.000000017632554,0.251602709293365,0.574241220951080,0.322638511657715,0.444046748799037,0.054535559686182,273.088750511407852
,1702,601,0.000000017231163,0.146787956357002,0.480519890785217,0.333731934428215,0.328527974482384,0.071936024645037,197.445312663912773
,1703,603,0.000000017288505,0.143672451376915,0.450074315071106,0.306401863694191,0.301840213573790,0.069165680207952,182.009648784995079
,1704,616,0.000000017661225,0.140708088874817,0.416639000177383,0.275930911302567,0.279178023362508,0.066125329048520,171.973662391304970
,1705,594,0.000000017030467,0.097357958555222,0.338076829910278,0.240718871355057,0.200628800875811,0.045760784240441,119.173507720232010
,1706,640,0.000000018349325,0.164712309837341,0.478619575500488,0.313907265663147,0.327410988905467,0.064301257842188,209.543032899498940
,1801,596,0.000000017087809,0.185961425304413,0.577051103115082,0.391089677810669,0.417322821465115,0.075993923572150,248.724401593208313
,1802,622,0.000000017833250,0.143377453088760,0.456483453512192,0.313106000423431,0.315656084890726,0.066097748306872,196.338084802031517
,1803,600,0.000000017202492,0.168923914432526,0.551292479038239,0.382368564605713,0.355119044830402,0.081926820092426,213.071426898241043
,1804,610,0.000000017489200,0.129793405532837,0.451285898685455,0.321492493152618,0.248846064654530,0.057687147513616,151.796099439263344
,1805,608,0.000000017431859,0.145842939615250,0.524328112602234,0.378485172986984,0.264028949442467,0.067863468197631,160.529601261019707
,1806,600,0.000000017202492,0.182365089654922,0.456322163343430,0.273957073688507,0.317766014511387,0.057904881349269,190.659608706831932
,1901,634,0.000000018177300,0.180714175105095,0.498282283544540,0.317568108439445,0.360498377342329,0.071066904720008,228.555971235036850
,1902,585,0.000000016772430,0.204238489270210,0.547455310821533,0.343216821551323,0.380768183663360,0.067503731342198,222.749387443065643
,1903,640,0.000000018349325,0.163596034049988,0.628977060317993,0.465381026268005,0.406247896770947,0.082265914873587,259.998653933405876
,1904,600,0.000000017202492,0.170947894454002,0.502480208873749,0.331532314419746,0.334098240161936,0.074758033348411,200.458944097161293
,1905,601,0.000000017231163,0.155020460486412,0.593443751335144,0.438423290848732,0.443298076978341,0.093469507736130,266.422144263982773
,1906,617,0.000000017689896,0.234082609415054,0.537623405456543,0.303540796041489,0.396006413130165,0.057783833590800,244.335956901311874
,2001,606,0.000000017374517,0.139553874731064,0.561469554901123,0.421915680170059,0.352730057986066,0.084958851489093,213.754415139555931
,2002,612,0.000000017546542,0.267165452241898,0.535160064697266,0.267994612455368,0.393261204991076,0.052204098808797,240.675857454538345
,2003,600,0.000000017202492,0.157073676586151,0.439649671316147,0.282575994729996,0.262723642190297,0.050115306501585,157.634185314178467
,2004,640,0.000000018349325,0.199114337563515,0.564554989337921,0.365440651774406,0.382623350317590,0.068115539181514,244.878944203257561
,2005,585,0.000000016772430,0.121987529098988,0.464976608753204,0.342989079654217,0.253438549571567,0.062775388829567,148.261551499366760
,2006,620,0.000000017775908,0.200840309262276,0.568571388721466,0.367731079459190,0.388613030530753,0.089429706567972,240.940078929066658
,2201,640,0.000000018349325,0.097994193434715,0.426628947257996,0.328634753823280,0.217790329840500,0.067670744541010,139.385811097919941
,2202,600,0.000000017202492,0.299138337373734,0.623295366764069,0.324157029390335,0.458477121492227,0.067466952506418,275.086272895336151
,2203,606,0.000000017374517,0.184645146131516,0.512167155742645,0.327522009611130,0.387119742436181,0.059805189737865,234.594563916325569
,2204,606,0.000000017374517,0.165329828858376,0.530939579010010,0.365609750151634,0.377376819453617,0.063465540673411,228.690352588891983
,2205,600,0.000000017202492,0.178636237978935,0.429556339979172,0.250920102000237,0.310251815840602,0.056613077232605,186.151089504361153
,2206,617,0.000000017689896,0.363833725452423,0.540586352348328,0.176752626895905,0.450154239055210,0.036470832458921,277.745165497064590
,2301,600,0.000000017202492,0.097950533032417,0.442608296871185,0.344657763838768,0.215195317864418,0.080373646114557,129.117190718650818
,2302,640,0.000000018349325,0.238867506384850,0.476860940456390,0.237993434071541,0.381347275967710,0.040565957714564,244.062256619334221
,2303,585,0.000000016772430,0.161578640341759,0.510137259960175,0.348558619618416,0.382649184903528,0.068086114754553,223.849773168563843
,2304,634,0.000000018177300,0.160510867834091,0.553010165691376,0.392499297857285,0.400378616403330,0.073566206710538,253.840042799711227
,2305,600,0.000000017202492,0.166846975684166,0.395211726427078,0.228364750742912,0.275524874677261,0.049832267968994,165.314924806356430
,2306,592,0.000000016973125,0.308368057012558,0.646792531013489,0.338424474000931,0.506812358375739,0.063487487188320,300.032916158437729
,2401,607,0.000000017403188,0.153278574347496,0.535741031169891,0.382462456822395,0.351818174786583,0.088168386338710,213.553632095456123
,2402,600,0.000000017202492,0.277095764875412,0.487382858991623,0.210287094116211,0.383967767010132,0.039327868588750,230.380660206079483
,2403,624,0.000000017890592,0.150757610797882,0.505966782569885,0.355209171772003,0.395755038692210,0.070987298048060,246.951144143939018
,2404,592,0.000000016973125,0.154225021600723,0.496840715408325,0.342615693807602,0.315042450344442,0.072237659176700,186.505130603909492
,2405,640,0.000000018349325,0.194032475352287,0.484451174736023,0.290418699383736,0.335757135041058,0.061398008344068,214.884566426277161
,2406,593,0.000000017001796,0.283536553382874,0.543752431869507,0.260215878486633,0.468636226744515,0.043397196011771,277.901282459497452
,2501,615,0.000000017632554,0.152466535568237,0.550089240074158,0.397622704505920,0.341671193615208,0.093673749871555,210.127784073352814
,2502,603,0.000000017288505,0.249594002962112,0.566745162010193,0.317151159048080,0.451444526513418,0.053047769120449,272.221049487590790
,2503,603,0.000000017288505,0.110652752220631,0.547290205955505,0.436637453734875,0.378126691600577,0.104120875226136,228.010395035147667
,2504,615,0.000000017632554,0.121387824416161,0.491714686155319,0.370326861739159,0.316760309294956,0.080395502059252,194.807590216398239
,2505,600,0.000000017202492,0.257249802350998,0.538228750228882,0.280978947877884,0.385771933843692,0.054183200849828,231.463160306215286
,2506,640,0.000000018349325,0.363863259553909,0.561311125755310,0.197447866201401,0.482620951998979,0.034606078583411,308.877409279346466
,2601,585,0.000000016772430,0.164977431297302,0.504803955554962,0.339826524257660,0.354893246165708,0.074869307601059,207.612549006938934
,2602,637,0.000000018263312,0.297472327947617,0.541247427463531,0.243775099515915,0.447098592199748,0.040129175243549,284.801803231239319
,2603,600,0.000000017202492,0.226917251944542,0.579640328884125,0.352723076939583,0.455231453428666,0.066283788728500,273.138872057199478
,2604,594,0.000000017030467,0.109087407588959,0.490591049194336,0.381503641605377,0.259982700111589,0.100393278265461,154.429723866283894
,2605,624,0.000000017890592,0.254349261522293,0.542953312397003,0.288604050874710,0.403487951423113,0.055534786218429,251.776481688022614
,2606,600,0.000000017202492,0.322327792644501,0.601856231689453,0.279528439044952,0.513911117563645,0.043798706834106,308.346670538187027
,2701,619,0.000000017747238,0.152159631252289,0.527322709560394,0.375163078308105,0.404545168017725,0.068801482381805,250.413459002971649
,2702,600,0.000000017202492,0.281525939702988,0.509101569652557,0.227575629949570,0.434855296810468,0.035044626963369,260.913178086280823
,2703,640,0.000000018349325,0.102142885327339,0.519032239913940,0.416889354586601,0.369583490083460,0.097417493725611,236.533433653414249
,2704,585,0.000000016772430,0.184983372688293,0.575923383235931,0.390940010547638,0.394292527131545,0.089086529443710,230.661128371953964
,2705,611,0.000000017517871,0.293604463338852,0.547222256660461,0.253617793321609,0.418168854596377,0.049868348175180,255.501170158386230
,2706,617,0.000000017689896,0.276590645313263,0.577770113945007,0.301179468631744,0.470970656873728,0.051752944703244,290.588895291090012