Rowid_,PLOT_ID,COUNT,AREA,MIN,MAX,RANGE,MEAN,STD,SUM
,201,455,0.000000016673536,0.264948129653931,0.569194316864014,0.304246187210083,0.452077490615321,0.061458853959251,205.695258229970932
,202,490,0.000000017956116,0.252778738737106,0.443382471799850,0.190603733062744,0.368976661927846,0.036122308720677,180.798564344644547
,203,481,0.000000017626310,0.261346161365509,0.450013607740402,0.188667446374893,0.367786279153427,0.034703762335587,176.905200272798538
,204,460,0.000000016856762,0.320718616247177,0.557469725608826,0.236751109361649,0.457900957504044,0.048685548030639,210.634440451860428
,205,490,0.000000017956116,0.347495555877686,0.494439810514450,0.146944254636765,0.435472792082903,0.024320668074132,213.381668120622635
,206,464,0.000000017003343,0.224526867270470,0.486189901828766,0.261663034558296,0.414599078032991,0.041023096171580,192.373972207307816
,301,490,0.000000017956116,0.248586475849152,0.469167202711105,0.220580726861954,0.409281732476487,0.036095960421078,200.548048913478851
,302,487,0.000000017846181,0.240563094615936,0.460830479860306,0.220267385244370,0.352865176891155,0.047320596154406,171.845341145992279
,303,464,0.000000017003343,0.269865751266479,0.490527629852295,0.220661878585815,0.422144285949140,0.037796599589290,195.874948680400848
,304,490,0.000000017956116,0.133113279938698,0.443148434162140,0.310035154223442,0.225323776444610,0.071794935296945,110.408650457859039
,305,458,0.000000016783472,0.297815352678299,0.467430591583252,0.169615238904953,0.414549060523770,0.032366522548492,189.863469719886780
,306,484,0.000000017736245,0.196434751152992,0.413969963788986,0.217535212635994,0.278852288264874,0.048921798345935,134.964507520198822
,401,474,0.000000017369794,0.188127234578133,0.439651787281036,0.251524552702904,0.335166130419270,0.060067573509258,158.868745818734169
,402,468,0.000000017149923,0.285656720399857,0.459771394729614,0.174114674329758,0.373644868469136,0.035363468145582,174.865798443555832
,403,490,0.000000017956116,0.304671198129654,0.477542906999588,0.172871708869934,0.407025160594862,0.032234881450986,199.442328691482544
,404,455,0.000000016673536,0.294640004634857,0.491627812385559,0.196987807750702,0.437458462047053,0.028217708260703,199.043600231409073
,405,491,0.000000017992761,0.292609900236130,0.470389395952225,0.177779495716095,0.392495058583145,0.038690366236838,192.715073764324188
,406,490,0.000000017956116,0.300912350416183,0.500601828098297,0.199689477682114,0.430914038723829,0.034236416254554,211.147878974676132
,501,471,0.000000017259858,0.266008943319321,0.440837770700455,0.174828827381134,0.389954612639806,0.028040328546238,183.668622553348541
,502,490,0.000000017956116,0.327001333236694,0.540113925933838,0.213112592697144,0.436722715411867,0.040188647986511,213.994130551815033
,503,455,0.000000016673536,0.309276938438416,0.468151628971100,0.158874690532684,0.418991312417355,0.028460138275254,190.641047149896622
,504,490,0.000000017956116,0.274075686931610,0.499677598476410,0.225601911544800,0.429539219031529,0.035369011137790,210.474217325448990
,505,496,0.000000018175987,0.293055534362793,0.484170675277710,0.191115140914917,0.434134933196249,0.030341458701218,215.330926865339279
,506,455,0.000000016673536,0.250234216451645,0.459765017032623,0.209530800580978,0.398226460388729,0.037790601134917,181.193039476871490
,601,499,0.000000018285922,0.332500785589218,0.476011604070663,0.143510818481445,0.410867744612550,0.031825954029844,205.023004561662674
,602,455,0.000000016673536,0.318596720695496,0.498946219682693,0.180349498987198,0.434480129231463,0.026814598424737,197.688458800315857
,603,490,0.000000017956116,0.275545209646225,0.523758292198181,0.248213082551956,0.430641844199628,0.044174746446323,211.014503657817841
,604,490,0.000000017956116,0.334435552358627,0.518650233745575,0.184214681386948,0.468880479128993,0.030399969048303,229.751434773206711
,605,455,0.000000016673536,0.319054901599884,0.504748463630676,0.185693562030792,0.448520658828400,0.029750596835923,204.076899766921997
,606,490,0.000000017956116,0.289964824914932,0.504441738128662,0.214476913213730,0.433417253713219,0.034261875142275,212.374454319477081
,801,490,0.000000017956116,0.225379407405853,0.466656208038330,0.241276800632477,0.392032114188282,0.047756346567945,192.095735952258110
,802,466,0.000000017076633,0.242787212133408,0.491282850503922,0.248495638370514,0.384614201254599,0.061921299181359,179.230217784643173
,803,469,0.000000017186568,0.335409581661224,0.521323978900909,0.185914397239685,0.475724143704880,0.025789881503937,223.114623397588730
,804,500,0.000000018322567,0.299309730529785,0.528342962265015,0.229033231735229,0.460003386735916,0.041390680798589,230.001693367958069
,805,455,0.000000016673536,0.279699414968491,0.426665693521500,0.146966278553009,0.380706217197271,0.025805652392184,173.221328824758530
,806,489,0.000000017919471,0.293579906225204,0.490731358528137,0.197151452302933,0.425793645572077,0.032130899753296,208.213092684745789
,901,462,0.000000016930052,0.181957170367241,0.468670338392258,0.286713168025017,0.397263049724556,0.058174239671188,183.535528972744942
,902,479,0.000000017553020,0.301389336585999,0.488239973783493,0.186850637197495,0.429769777679244,0.028526147272550,205.859723508358002
,903,490,0.000000017956116,0.367425948381424,0.496758639812469,0.129332691431046,0.457917915132581,0.020427307855355,224.379778414964676
,904,455,0.000000016673536,0.257495164871216,0.526487827301025,0.268992662429810,0.442077588511037,0.046631349269539,201.145302772521973
,905,490,0.000000017956116,0.160355567932129,0.501208782196045,0.340853214263916,0.371369836372989,0.055455560472852,181.971219822764397
,906,487,0.000000017846181,0.287855833768845,0.488042384386063,0.200186550617218,0.416645594568468,0.032622355831797,202.906404554843903
,1001,483,0.000000017699600,0.140194296836853,0.464715212583542,0.324520915746689,0.270964230254570,0.092726108676913,130.875723212957382
,1002,490,0.000000017956116,0.214247539639473,0.501218616962433,0.286971077322960,0.391574454885356,0.057957047201155,191.871482893824577
,1003,455,0.000000016673536,0.331769764423370,0.480426013469696,0.148656249046326,0.432201448377672,0.026036965829736,196.651659011840820
,1004,490,0.000000017956116,0.299535781145096,0.513841569423676,0.214305788278580,0.472884234542749,0.030601675506685,231.713274925947189
,1005,483,0.000000017699600,0.328397601842880,0.493037015199661,0.164639413356781,0.439784179254595,0.028651976182662,212.415758579969406
,1006,458,0.000000016783472,0.364131718873978,0.499914765357971,0.135783046483994,0.444159872797379,0.024564841441124,203.425221741199493
,1101,490,0.000000017956116,0.343406707048416,0.561568558216095,0.218161851167679,0.477881394235455,0.037513543301615,234.161883175373077
,1102,455,0.000000016673536,0.155531257390976,0.447001874446869,0.291470617055893,0.280541125594915,0.060425651311132,127.646212145686150
,1103,500,0.000000018322567,0.305357158184052,0.510693371295929,0.205336213111877,0.388458816051483,0.034370765025491,194.229408025741577
,1104,479,0.000000017553020,0.300677984952927,0.486486673355103,0.185808688402176,0.416818580634908,0.030905689045579,199.656100124120712
,1105,462,0.000000016930052,0.318392127752304,0.482297569513321,0.163905441761017,0.410897601347465,0.032679172301586,189.834691822528839
,1106,490,0.000000017956116,0.313040107488632,0.488664478063583,0.175624370574951,0.430282801754621,0.031936254997622,210.838572859764099
,1201,455,0.000000016673536,0.316940039396286,0.484958678483963,0.168018639087677,0.425494908500504,0.027235084202068,193.600183367729187
,1202,490,0.000000017956116,0.307264268398285,0.466174542903900,0.158910274505615,0.416843799303989,0.023748171680261,204.253461658954620
,1203,474,0.000000017369794,0.330617874860764,0.574451804161072,0.243833929300308,0.503050216013872,0.040942103931404,238.445802390575409
,1204,466,0.000000017076633,0.314729064702988,0.583456158638000,0.268727093935013,0.498227665416673,0.049653733893753,232.174092084169388
,1205,490,0.000000017956116,0.245289251208305,0.450217008590698,0.204927757382393,0.347425124292471,0.046523300547425,170.238310903310776
,1206,456,0.000000016710181,0.332862377166748,0.538994014263153,0.206131637096405,0.478301979078535,0.033662404256491,218.105702459812164
,1301,490,0.000000017956116,0.336643129587173,0.486096650362015,0.149453520774841,0.440411456628722,0.026305482482903,215.801613748073578
,1302,471,0.000000017259858,0.330601274967194,0.488898098468781,0.158296823501587,0.438351704056855,0.026355093346925,206.463652610778809
,1303,471,0.000000017259858,0.354320555925369,0.546247124671936,0.191926568746567,0.471307676309233,0.037413407410869,221.985915541648865
,1304,490,0.000000017956116,0.269604086875916,0.480581909418106,0.210977822542191,0.417377159303548,0.036763324149388,204.514808058738708
,1305,455,0.000000016673536,0.338085681200027,0.534344196319580,0.196258515119553,0.472344062616537,0.035046107835250,214.916548490524292
,1306,499,0.000000018285922,0.320073992013931,0.524385571479797,0.204311579465866,0.444096648800588,0.037849436658963,221.604227751493454
,1501,490,0.000000017956116,0.318446367979050,0.552463293075562,0.234016925096512,0.463565126548008,0.035558456337032,227.146912008523941
,1502,481,0.000000017626310,0.293587058782578,0.494556307792664,0.200969249010086,0.420167705745063,0.024368743214660,202.100666463375092
,1503,459,0.000000016820117,0.253730803728104,0.444843143224716,0.191112339496613,0.393644117062388,0.028520202180605,180.682649731636047
,1504,490,0.000000017956116,0.221798166632652,0.467058628797531,0.245260462164879,0.378517770159001,0.041418276977256,185.473707377910614
,1505,457,0.000000016746827,0.277407228946686,0.449823945760727,0.172416716814041,0.378329475807674,0.031932513877922,172.896570444107056
,1506,479,0.000000017553020,0.285912722349167,0.442552804946899,0.156640082597733,0.382619919321482,0.026141612017320,183.274941354990005
,1601,473,0.000000017333149,0.326197683811188,0.478462159633636,0.152264475822449,0.427610970639779,0.029334651522309,202.259989112615585
,1602,469,0.000000017186568,0.328457355499268,0.464820712804794,0.136363357305527,0.402188911430363,0.029405585058200,188.626599460840225
,1603,490,0.000000017956116,0.245877996087074,0.447940826416016,0.202062830328941,0.396094818534900,0.034755509532317,194.086461082100868
,1604,455,0.000000016673536,0.210388347506523,0.541248619556427,0.330860272049904,0.466238224932126,0.045418822371023,212.138392344117165
,1605,498,0.000000018249277,0.197362124919891,0.452966719865799,0.255604594945908,0.380997510918652,0.042942993011852,189.736760437488556
,1606,490,0.000000017956116,0.094427943229675,0.483767747879028,0.389339804649353,0.360415940899022,0.089395902639178,176.603811040520668
,1701,473,0.000000017333149,0.327773630619049,0.475485682487488,0.147712051868439,0.421578349447150,0.026361210839274,199.406559288501740
,1702,490,0.000000017956116,0.325033754110336,0.511445283889771,0.186411529779434,0.432167428366992,0.030609487213356,211.762039899826050
,1703,455,0.000000016673536,0.250332742929459,0.475674241781235,0.225341498851776,0.401553283091430,0.032638208033859,182.706743806600571
,1704,490,0.000000017956116,0.193256542086601,0.458709180355072,0.265452638268471,0.382699272431889,0.044835192621652,187.522643491625786
,1705,490,0.000000017956116,0.155920580029488,0.452941954135895,0.297021374106407,0.276912487070171,0.059312129795538,135.687118664383888
,1706,455,0.000000016673536,0.291553527116776,0.484577804803848,0.193024277687073,0.411077855838524,0.039215336834677,187.040424406528473
,1801,499,0.000000018285922,0.303399890661240,0.485803395509720,0.182403504848480,0.426765084565283,0.031796757952847,212.955777198076248
,1802,455,0.000000016673536,0.324000567197800,0.560453832149506,0.236453264951706,0.476950350502035,0.049121353820166,217.012409478425980
,1803,490,0.000000017956116,0.283253759145737,0.479788571596146,0.196534812450409,0.435542578782354,0.026868634611924,213.415863603353500
,1804,489,0.000000017919471,0.224525764584541,0.443828433752060,0.219302669167519,0.377113020858882,0.038105747868348,184.408267199993134
,1805,455,0.000000016673536,0.281986534595490,0.517436802387238,0.235450267791748,0.444778643663113,0.033246897093791,202.374282866716385
,1806,490,0.000000017956116,0.202597185969353,0.466417372226715,0.263820186257362,0.322792190465392,0.058089162558547,158.168173328042030
,1901,455,0.000000016673536,0.276859134435654,0.579599618911743,0.302740484476089,0.475669277631319,0.059875343145084,216.429521322250366
,1902,490,0.000000017956116,0.271260499954224,0.500559985637665,0.229299485683441,0.403071173356504,0.051056833190102,197.504874944686890
,1903,485,0.000000017772890,0.286768406629562,0.492716342210770,0.205947935581207,0.438254575262365,0.024961917455074,212.553469002246857
,1904,462,0.000000016930052,0.260471403598785,0.517170965671539,0.256699562072754,0.409414529477879,0.049110590157557,189.149512618780136
,1905,490,0.000000017956116,0.316632479429245,0.475121349096298,0.158488869667053,0.436408686151310,0.023332152985170,213.840256214141846
,1906,465,0.000000017039988,0.346782803535461,0.479022145271301,0.132239341735840,0.430119095181906,0.024848967771491,200.005379259586334
,2001,490,0.000000017956116,0.232902541756630,0.503838002681732,0.270935460925102,0.426828825200091,0.048458118400884,209.146124348044395
,2002,481,0.000000017626310,0.318653285503387,0.482077747583389,0.163424462080002,0.417175981086406,0.035724230699163,200.661646902561188
,2003,460,0.000000016856762,0.307691216468811,0.494811326265335,0.187120109796524,0.432085229262062,0.030267133441860,198.759205460548401
,2004,494,0.000000018102697,0.245637983083725,0.467300146818161,0.221662163734436,0.406557741676748,0.037212884908918,200.839524388313293
,2005,461,0.000000016893407,0.295960068702698,0.569986104965210,0.274026036262512,0.477920379077535,0.045042233697180,220.321294754743576
,2006,480,0.000000017589665,0.318308800458908,0.522673487663269,0.204364687204361,0.421326041904589,0.050504792364523,202.236500114202499
,2201,470,0.000000017223213,0.102610975503922,0.454532772302628,0.351921796798706,0.340584979095358,0.078738853345337,160.074940174818039
,2202,490,0.000000017956116,0.339611232280731,0.551775932312012,0.212164700031281,0.472724829036362,0.035312445845690,231.635166227817535
,2203,457,0.000000016746827,0.230671510100365,0.483783751726151,0.253112241625786,0.425096622050721,0.037434555410096,194.269156277179718
,2204,490,0.000000017956116,0.194597899913788,0.475207477807999,0.280609577894211,0.379050466083750,0.046264331274813,185.734728381037712
,2205,490,0.000000017956116,0.290771096944809,0.475004285573959,0.184233188629150,0.417132057827346,0.025954628762634,204.394708335399628
,2206,455,0.000000016673536,0.367799848318100,0.481363803148270,0.113563954830170,0.440000850486231,0.018978000536296,200.200386971235275
,2301,490,0.000000017956116,0.080321997404099,0.460887521505356,0.380565524101257,0.230484844120790,0.111877989124039,112.937573619186878
,2302,455,0.000000016673536,0.324128627777100,0.484664767980576,0.160536140203476,0.436456501418418,0.027220235074123,198.587708145380020
,2303,498,0.000000018249277,0.249249085783958,0.482704997062683,0.233455911278725,0.420480743140341,0.041094966077088,209.399410083889961
,2304,486,0.000000017809535,0.189634174108505,0.467183679342270,0.277549505233765,0.395508473210129,0.046741911233755,192.217117980122566
,2305,455,0.000000016673536,0.262786865234375,0.470128059387207,0.207341194152832,0.398564274363465,0.029980409359143,181.346744835376740
,2306,490,0.000000017956116,0.346184998750687,0.537384927272797,0.191199928522110,0.468353576684485,0.029756129659523,229.493252575397491
,2401,455,0.000000016673536,0.263713926076889,0.479397773742676,0.215683847665787,0.411354833317327,0.041023024661371,187.166449159383774
,2402,490,0.000000017956116,0.331451624631882,0.476199865341187,0.144748240709305,0.434143715792773,0.022644193264467,212.730420738458633
,2403,482,0.000000017662955,0.221567854285240,0.493645101785660,0.272077247500420,0.349304272178792,0.065672156326372,168.364659190177917
,2404,459,0.000000016820117,0.205453321337700,0.479430764913559,0.273977443575859,0.378795437076513,0.048887215573554,173.867105618119240
,2405,490,0.000000017956116,0.342598289251328,0.515682160854340,0.173083871603012,0.449947970740649,0.033264089465516,220.474505662918091
,2406,469,0.000000017186568,0.350925117731094,0.484815090894699,0.133889973163605,0.441361174591060,0.022487605459518,206.998390883207321
,2501,490,0.000000017956116,0.291244000196457,0.493093401193619,0.201849400997162,0.415469457300342,0.030120472021684,203.580034077167511
,2502,478,0.000000017516374,0.348140418529510,0.501289486885071,0.153149068355560,0.445700965229437,0.018896829752597,213.045061379671097
,2503,463,0.000000016966697,0.245798289775848,0.514103829860687,0.268305540084839,0.431536383363650,0.046129911898622,199.801345497369766
,2504,490,0.000000017956116,0.249164298176765,0.484694242477417,0.235529944300652,0.404447537569367,0.037558138666400,198.179293408989906
,2505,458,0.000000016783472,0.353734612464905,0.499181330204010,0.145446717739105,0.434559355266230,0.025249380449562,199.028184711933136
,2506,486,0.000000017809535,0.365952134132385,0.475834727287292,0.109882593154907,0.434979184480852,0.018182211637211,211.399883657693863
,2601,474,0.000000017369794,0.263673841953278,0.504356145858765,0.240682303905487,0.407437945657139,0.047289633622645,193.125586241483688
,2602,477,0.000000017479729,0.326172977685928,0.503294110298157,0.177121132612228,0.442541927536579,0.028726348817066,211.092499434947968
,2603,490,0.000000017956116,0.313060551881790,0.525511741638184,0.212451189756393,0.450107864883481,0.031638776617421,220.552853792905807
,2604,455,0.000000016673536,0.231299102306366,0.480658382177353,0.249359279870987,0.400011542537710,0.053832020850039,182.005251854658127
,2605,487,0.000000017846181,0.345305055379868,0.482700705528259,0.137395650148392,0.430517719878798,0.023841893549507,209.662129580974579
,2606,490,0.000000017956116,0.346190929412842,0.484260499477386,0.138069570064545,0.441717518409904,0.021262655885021,216.441584020853043
,2701,471,0.000000017259858,0.194482296705246,0.452700108289719,0.258217811584473,0.373019370904900,0.039348692014270,175.692123696208000
,2702,490,0.000000017956116,0.348074585199356,0.506068468093872,0.157993882894516,0.450791268506829,0.028038301631319,220.887721568346024
,2703,455,0.000000016673536,0.181403964757919,0.597177684307098,0.415773719549179,0.493650177776158,0.068580235054405,224.610830888152122
,2704,490,0.000000017956116,0.210014089941978,0.489933729171753,0.279919639229774,0.403299810570113,0.052249852397030,197.616907179355621
,2705,494,0.000000018102697,0.330395042896271,0.469397962093353,0.139002919197083,0.418748887022015,0.021836342372298,206.861950188875198
,2706,455,0.000000016673536,0.328247368335724,0.506111085414886,0.177863717079163,0.442400561715220,0.025487094604654,201.292255580425262