Rowid_,PLOT_ID,COUNT,AREA,MIN,MAX,RANGE,MEAN,STD,SUM
,201,487,0.000000017889143,0.521924316883087,0.835637450218201,0.313713133335114,0.755072071689355,0.063796234770728,367.720098912715912
,202,490,0.000000017999343,0.489381879568100,0.764151275157928,0.274769395589828,0.704048859890626,0.042045934739071,344.983941346406937
,203,455,0.000000016713676,0.591891407966614,0.785467624664307,0.193576216697693,0.743073089961167,0.024893340750824,338.098255932331085
,204,490,0.000000017999343,0.667304456233978,0.813514769077301,0.146210312843323,0.781350049558951,0.023930777683944,382.861524283885956
,205,476,0.000000017485076,0.713979482650757,0.809171795845032,0.095192313194275,0.777978569143960,0.017205977119355,370.317798912525177
,206,463,0.000000017007542,0.540208160877228,0.797686696052551,0.257478535175323,0.758873408736729,0.034197779708186,351.358388245105743
,301,489,0.000000017962610,0.492224037647247,0.790646672248840,0.298422634601593,0.755261405845361,0.035545873331176,369.322827458381653
,302,457,0.000000016787142,0.545972764492035,0.773279488086700,0.227306723594666,0.701423304477458,0.047254484959131,320.550450146198273
,303,490,0.000000017999343,0.598936617374420,0.798247694969177,0.199311077594757,0.760751570730793,0.028399916873381,372.768269658088684
,304,469,0.000000017227942,0.478545039892197,0.786518454551697,0.307973414659500,0.665519076179085,0.054748742797502,312.128446727991104
,305,469,0.000000017227942,0.577382802963257,0.786968767642975,0.209585964679718,0.748868021883690,0.031818943509611,351.219102263450623
,306,490,0.000000017999343,0.428428500890732,0.759917020797729,0.331488519906998,0.653720051719218,0.054259170405460,320.322825342416763
,401,456,0.000000016750409,0.576878130435944,0.788047075271606,0.211168944835663,0.735833621992354,0.042417871598909,335.540131628513336
,402,491,0.000000018036076,0.640210509300232,0.796406686306000,0.156196177005768,0.738495972151669,0.024145978360348,362.601522326469421
,403,462,0.000000016970809,0.621985137462616,0.790940701961517,0.168955564498901,0.740235435369211,0.028888180984806,341.988771140575409
,404,476,0.000000017485076,0.566084265708923,0.809230446815491,0.243146181106567,0.777009149935065,0.024081838275506,369.856355369091034
,405,490,0.000000017999343,0.647191286087036,0.790787160396576,0.143595874309540,0.754346331284971,0.024758393396291,369.629702329635620
,406,455,0.000000016713676,0.642649352550507,0.801622748374939,0.158973395824432,0.757693838549184,0.027126217699918,344.750696539878845
,501,490,0.000000017999343,0.632001936435699,0.786999404430389,0.154997467994690,0.750966770794927,0.026570899339573,367.973717689514160
,502,455,0.000000016713676,0.676239669322968,0.823450028896332,0.147210359573364,0.756024968493116,0.030253127413417,343.991360664367676
,503,483,0.000000017742209,0.638063728809357,0.790058910846710,0.151995182037354,0.758157053842801,0.025818845274581,366.189857006072998
,504,490,0.000000017999343,0.612849831581116,0.803765892982483,0.190916061401367,0.776906988693743,0.027917070819793,380.684424459934235
,505,455,0.000000016713676,0.527431666851044,0.791558623313904,0.264126956462860,0.761273772899921,0.030368102873243,346.379566669464111
,506,493,0.000000018109543,0.536056220531464,0.784934103488922,0.248877882957458,0.733626059417067,0.040746763134292,361.677647292613983
,601,458,0.000000016823876,0.683843672275543,0.799234211444855,0.115390539169312,0.751270982896397,0.024955752158443,344.082110166549683
,602,490,0.000000017999343,0.699626266956329,0.811186134815216,0.111559867858887,0.778216042202346,0.016393249834048,381.325860679149628
,603,490,0.000000017999343,0.642687439918518,0.803492665290833,0.160805225372314,0.773371387257868,0.023868405198620,378.951979756355286
,604,455,0.000000016713676,0.673543930053711,0.812834799289703,0.139290869235992,0.789644595161899,0.018501170539388,359.288290798664093
,605,490,0.000000017999343,0.647245526313782,0.811046600341797,0.163801074028015,0.771176905048137,0.022716680832073,377.876683473587036
,606,472,0.000000017338143,0.578906297683716,0.809060215950012,0.230153918266296,0.770327610610905,0.034015650568925,363.594632208347321
,801,463,0.000000017007542,0.638502895832062,0.797085940837860,0.158583045005798,0.759215987398094,0.023314852308810,351.517002165317535
,802,469,0.000000017227942,0.636891067028046,0.807758331298828,0.170867264270782,0.762884337637724,0.033588004762082,357.792754352092743
,803,490,0.000000017999343,0.711213171482086,0.812808334827423,0.101595163345337,0.796745325107964,0.013760699531622,390.405209302902222
,804,455,0.000000016713676,0.600086629390717,0.817419409751892,0.217332780361176,0.792148360446259,0.028642323216544,360.427504003047943
,805,493,0.000000018109543,0.621659517288208,0.792128205299377,0.170468688011169,0.756693517218739,0.024932546482284,373.049903988838196
,806,487,0.000000017889143,0.649685859680176,0.791435360908508,0.141749501228333,0.754574381228100,0.026380152404486,367.477723658084869
,901,482,0.000000017705476,0.669285714626312,0.796145737171173,0.126860022544861,0.763103692239746,0.023714009651044,367.815979659557343
,902,490,0.000000017999343,0.683401286602020,0.805673480033875,0.122272193431854,0.777971196539548,0.016815449934178,381.205886304378510
,903,455,0.000000016713676,0.746241211891174,0.809319019317627,0.063077807426453,0.788314473890996,0.009720687294146,358.683085620403290
,904,490,0.000000017999343,0.613545238971710,0.819917559623718,0.206372320652008,0.788735825796517,0.025271239825746,386.480554640293121
,905,481,0.000000017668743,0.368951529264450,0.801866948604584,0.432915419340134,0.756685030497533,0.057702194170204,363.965499669313431
,906,458,0.000000016823876,0.577476441860199,0.780157864093781,0.202681422233582,0.748916264834883,0.027450154255110,343.003649294376373
,1001,490,0.000000017999343,0.572884261608124,0.799029707908630,0.226145446300507,0.721461130404959,0.043264486460616,353.515953898429871
,1002,455,0.000000016713676,0.475383013486862,0.796625077724457,0.321242064237595,0.750658933081470,0.048006047395921,341.549814552068710
,1003,490,0.000000017999343,0.717132985591888,0.806916296482086,0.089783310890198,0.778461762837001,0.014042063537829,381.446263790130615
,1004,478,0.000000017558543,0.666910648345947,0.817993342876434,0.151082694530487,0.802775919686800,0.015305670465609,383.726889610290527
,1005,464,0.000000017044276,0.661390066146851,0.803629696369171,0.142239630222321,0.775066507787540,0.020412705865750,359.630859613418579
,1006,490,0.000000017999343,0.676647484302521,0.795808613300323,0.119161128997803,0.762549110578031,0.020075876511866,373.649064183235168
,1101,455,0.000000016713676,0.745490670204163,0.828865230083466,0.083374559879303,0.805864099355844,0.014297240667743,366.668165206909180
,1102,490,0.000000017999343,0.322100847959518,0.787806451320648,0.465705603361130,0.593577584928396,0.089340757107032,290.853016614913940
,1103,468,0.000000017191209,0.621294796466827,0.814461112022400,0.193166315555573,0.775299979453413,0.024238138700146,362.840390384197235
,1104,471,0.000000017301409,0.616425573825836,0.791617155075073,0.175191581249237,0.747791586787837,0.032015010213883,352.209837377071381
,1105,490,0.000000017999343,0.685794591903687,0.795962154865265,0.110167562961578,0.762193076707879,0.021017732906556,373.474607586860657
,1106,455,0.000000016713676,0.644969046115875,0.800052046775818,0.155083000659943,0.765668897576384,0.024322172272759,348.379348397254944
,1201,490,0.000000017999343,0.716985285282135,0.809348940849304,0.092363655567169,0.782675581562276,0.014672252006906,383.511034965515137
,1202,461,0.000000016934076,0.657519102096558,0.795919835567474,0.138400733470917,0.751273990194606,0.024853620176939,346.337309479713440
,1203,478,0.000000017558543,0.676521182060242,0.836219012737274,0.159697830677032,0.807576655094594,0.018651879861524,386.021641135215759
,1204,490,0.000000017999343,0.656353116035461,0.841382682323456,0.185029566287994,0.802998140271829,0.025720728142795,393.469088733196259
,1205,455,0.000000016713676,0.590172767639160,0.793389618396759,0.203216850757599,0.753532695377266,0.034004176834537,342.857376396656036
,1206,490,0.000000017999343,0.707595467567444,0.819920659065247,0.112325191497803,0.796642078063926,0.017176550285770,390.354618251323700
,1301,455,0.000000016713676,0.711281180381775,0.813261926174164,0.101980745792389,0.792874250569186,0.014363306862464,360.757784008979797
,1302,484,0.000000017778943,0.669349372386932,0.801341295242310,0.131991922855377,0.762442327727956,0.022545505788321,369.022086620330811
,1303,493,0.000000018109543,0.689355790615082,0.818130552768707,0.128774762153625,0.792422855722493,0.019065275594366,390.664467871189117
,1304,455,0.000000016713676,0.608899533748627,0.797168374061584,0.188268840312958,0.765432032255026,0.028141732901547,348.271574676036835
,1305,490,0.000000017999343,0.651948511600494,0.818936526775360,0.166988015174866,0.788384193911844,0.022528157716925,386.308255016803741
,1306,478,0.000000017558543,0.715147793292999,0.808518826961517,0.093371033668518,0.781856659690705,0.016887945122091,373.727483332157135
,1501,455,0.000000016713676,0.722681701183319,0.820075631141663,0.097393929958344,0.797491124829093,0.015714440036752,362.858461797237396
,1502,482,0.000000017705476,0.684540092945099,0.797251760959625,0.112711668014526,0.757022232435551,0.019963186044122,364.884716033935547
,1503,490,0.000000017999343,0.571288883686066,0.791323542594910,0.220034658908844,0.732433916719592,0.038499657956584,358.892619192600250
,1504,455,0.000000016713676,0.480143994092941,0.793082118034363,0.312938123941422,0.730701777371731,0.047540875004579,332.469308704137802
,1505,490,0.000000017999343,0.559414625167847,0.779418349266052,0.220003724098206,0.707775994344633,0.040098404411601,346.810237228870392
,1506,479,0.000000017595276,0.582115948200226,0.778217732906342,0.196101784706116,0.710352896897429,0.036812906578968,340.259037613868713
,1601,490,0.000000017999343,0.709322035312653,0.815892994403839,0.106570959091187,0.788251725873169,0.017580187167209,386.243345677852631
,1602,490,0.000000017999343,0.644206643104553,0.796404063701630,0.152197420597076,0.753146062700116,0.028124734000725,369.041570723056793
,1603,455,0.000000016713676,0.527735769748688,0.797695398330688,0.269959628582001,0.754231746118147,0.041236245572039,343.175444483757019
,1604,490,0.000000017999343,0.494067311286926,0.830162405967712,0.336095094680786,0.787338683678179,0.035705927464112,385.795955002307892
,1605,472,0.000000017338143,0.545645654201508,0.792306065559387,0.246660411357880,0.741946709484367,0.036381836472435,350.198846876621246
,1606,466,0.000000017117742,0.251760780811310,0.798552751541138,0.546791970729828,0.693669426019100,0.135183919385560,323.249952524900436
,1701,487,0.000000017889143,0.714737474918365,0.806010544300079,0.091273069381714,0.787989977204090,0.011939792764148,383.751118898391724
,1702,455,0.000000016713676,0.696047663688660,0.799788951873779,0.103741288185120,0.768127597819318,0.020447657700169,349.498057007789612
,1703,490,0.000000017999343,0.524883747100830,0.795145332813263,0.270261585712433,0.756791157990086,0.036187064942181,370.827667415142059
,1704,465,0.000000017081009,0.459426462650299,0.780681908130646,0.321255445480347,0.726216662186448,0.047575505301004,337.690747916698456
,1705,473,0.000000017374876,0.374445676803589,0.746855139732361,0.372409462928772,0.582013550381832,0.070036906508821,275.292409330606461
,1706,494,0.000000018146276,0.579780757427216,0.792556464672089,0.212775707244873,0.741663298384863,0.045168721398770,366.381669402122498
,1801,462,0.000000016970809,0.669842123985291,0.803960025310516,0.134117901325226,0.776273632075363,0.023273391659494,358.638418018817902
,1802,490,0.000000017999343,0.660059392452240,0.826662600040436,0.166603207588196,0.789383139172379,0.026202670552608,386.797738194465637
,1803,458,0.000000016823876,0.610726892948151,0.809050381183624,0.198323488235474,0.773201721464182,0.026910852643233,354.126388430595398
,1804,480,0.000000017632009,0.477482140064240,0.789432168006897,0.311950027942657,0.715815145336091,0.049692417592816,343.591269761323929
,1805,490,0.000000017999343,0.521762490272522,0.792446613311768,0.270684123039246,0.752132962796153,0.030691835221583,368.545151770114899
,1806,455,0.000000016713676,0.527556121349335,0.780012607574463,0.252456486225128,0.675252732601795,0.050112585639443,307.239993333816528
,1901,490,0.000000017999343,0.674712002277374,0.840011715888977,0.165299713611603,0.806023053855312,0.024305447431513,394.951296389102936
,1902,455,0.000000016713676,0.616801321506500,0.815564990043640,0.198763668537140,0.770370570512918,0.035356440861981,350.518609583377838
,1903,487,0.000000017889143,0.641309440135956,0.815100669860840,0.173791229724884,0.783671190973670,0.019270492249003,381.647870004177094
,1904,490,0.000000017999343,0.517859458923340,0.804360687732697,0.286501228809357,0.752426213512615,0.039229641842816,368.688844621181488
,1905,459,0.000000016860609,0.608375966548920,0.798640429973602,0.190264463424683,0.774305535687341,0.020957511421180,355.406240880489349
,1906,490,0.000000017999343,0.686830222606659,0.793363213539124,0.106532990932465,0.765816270696874,0.016285939160059,375.249972641468048
,2001,455,0.000000016713676,0.567943394184113,0.808068931102753,0.240125536918640,0.782785269716284,0.027642784220207,356.167297720909119
,2002,490,0.000000017999343,0.676352441310883,0.803378403186798,0.127025961875916,0.766456304764261,0.022307814351600,375.563589334487915
,2003,489,0.000000017962610,0.636830568313599,0.803050637245178,0.166220068931580,0.761016372766475,0.027565815445333,372.137006282806396
,2004,455,0.000000016713676,0.519660890102386,0.792466163635254,0.272805273532867,0.734371636595045,0.044846416346099,334.139094650745392
,2005,490,0.000000017999343,0.647917985916138,0.820971965789795,0.173053979873657,0.776771699652380,0.028463840649970,380.618132829666138
,2006,469,0.000000017227942,0.672367155551910,0.816406309604645,0.144039154052734,0.770200797870978,0.028683357749756,361.224174201488495
,2201,467,0.000000017154476,0.262895107269287,0.782776594161987,0.519881486892700,0.653742958825457,0.118815579687883,305.297961771488190
,2202,465,0.000000017081009,0.705605924129486,0.826740026473999,0.121134102344513,0.794602142482676,0.018735551512346,369.489996254444122
,2203,490,0.000000017999343,0.520248889923096,0.801881074905396,0.281632184982300,0.772962392957843,0.030797121723938,378.751572549343109
,2204,459,0.000000016860609,0.517259418964386,0.795920252799988,0.278660833835602,0.730567122206968,0.042113102417450,335.330309092998505
,2205,485,0.000000017815676,0.611732244491577,0.784287750720978,0.172555506229401,0.750813302305556,0.026418244413762,364.144451618194580
,2206,490,0.000000017999343,0.745377004146576,0.802892804145813,0.057515799999237,0.778299988045984,0.009754055524228,381.366994142532349
,2301,478,0.000000017558543,0.240012586116791,0.784949541091919,0.544936954975128,0.492215668369537,0.177167679607628,235.279089480638504
,2302,490,0.000000017999343,0.700599253177643,0.796891093254089,0.096291840076447,0.775572976652457,0.015932809154099,380.030758559703827
,2303,455,0.000000016713676,0.542444288730621,0.797179281711578,0.254734992980957,0.761640122958592,0.036113747303272,346.546255946159363
,2304,490,0.000000017999343,0.419681251049042,0.792861223220825,0.373179972171783,0.733179682858136,0.054139024104890,359.258044600486755
,2305,485,0.000000017815676,0.564758479595184,0.785331785678864,0.220573306083679,0.737114940230379,0.029569055653923,357.500746011734009
,2306,455,0.000000016713676,0.685442686080933,0.821725189685822,0.136282503604889,0.796216349025349,0.015924309802855,362.278438806533813
,2401,490,0.000000017999343,0.487265676259995,0.803857147693634,0.316591471433640,0.752945990282662,0.046383942530047,368.943535238504410
,2402,455,0.000000016713676,0.673916876316071,0.798861086368561,0.124944210052490,0.771030968493158,0.016930495150696,350.819090664386749
,2403,494,0.000000018146276,0.506204783916473,0.801236867904663,0.295032083988190,0.743652395270614,0.042677017816899,367.364283263683319
,2404,478,0.000000017558543,0.434628903865814,0.793864011764526,0.359235107898712,0.699951177423968,0.072979289890623,334.576662808656693
,2405,460,0.000000016897342,0.675142586231232,0.805751860141754,0.130609273910522,0.766261634360189,0.023984672640141,352.480351805686951
,2406,490,0.000000017999343,0.700250923633575,0.798737347126007,0.098486423492432,0.778511585143148,0.014968235073452,381.470676720142365
,2501,455,0.000000016713676,0.548897981643677,0.803738176822662,0.254840195178986,0.755328727554489,0.037064652345219,343.674571037292480
,2502,490,0.000000017999343,0.720554351806641,0.809181571006775,0.088627219200134,0.782840680954408,0.013757203187355,383.591933667659760
,2503,471,0.000000017301409,0.499134957790375,0.811932086944580,0.312797129154205,0.759734054659582,0.046971868971864,357.834739744663239
,2504,467,0.000000017154476,0.544937908649445,0.788765788078308,0.243827879428864,0.734727271491506,0.047007502502212,343.117635786533356
,2505,490,0.000000017999343,0.698571264743805,0.802324354648590,0.103753089904785,0.770799259506926,0.018321954484552,377.691637158393860
,2506,455,0.000000016713676,0.738376379013062,0.796984910964966,0.058608531951904,0.782525685200324,0.008782740226782,356.049186766147614
,2601,490,0.000000017999343,0.654625952243805,0.800327360630035,0.145701408386230,0.770297448002562,0.024200111918538,377.445749521255493
,2602,466,0.000000017117742,0.701616346836090,0.805161893367767,0.103545546531677,0.783656568742105,0.018413955793793,365.183961033821106
,2603,474,0.000000017411609,0.644973337650299,0.812119424343109,0.167146086692810,0.779220351061238,0.024928683809225,369.350446403026581
,2604,490,0.000000017999343,0.453917503356934,0.799651026725769,0.345733523368835,0.724624650514856,0.076439159735127,355.066078752279282
,2605,455,0.000000016713676,0.680567979812622,0.794400095939636,0.113832116127014,0.767733035899781,0.019736065521135,349.318531334400177
,2606,490,0.000000017999343,0.722992300987244,0.797958493232727,0.074966192245483,0.781582110025445,0.011380838450930,382.975233912467957
,2701,458,0.000000016823876,0.443659782409668,0.788947641849518,0.345287859439850,0.722594042662450,0.057673530536184,330.948071539402008
,2702,483,0.000000017742209,0.641813158988953,0.803759396076202,0.161946237087250,0.778370928196680,0.021927376049671,375.953158318996429
,2703,490,0.000000017999343,0.305269479751587,0.842829823493958,0.537560343742371,0.784057055322491,0.074815631332884,384.187957108020782
,2704,455,0.000000016713676,0.426923632621765,0.804941415786743,0.378017783164978,0.737620153073426,0.068433293245889,335.617169648408890
,2705,490,0.000000017999343,0.645005404949188,0.795683443546295,0.150678038597107,0.765843602832483,0.018291304459049,375.263365387916565
,2706,483,0.000000017742209,0.668611168861389,0.796327114105225,0.127715945243835,0.772620876383337,0.017512585808019,373.175883293151855