Rowid_,PLOT_ID,COUNT,AREA,MIN,MAX,RANGE,MEAN,STD,SUM
,201,447,0.000000016893317,0.176990732550621,0.486482679843903,0.309491947293282,0.339672147294286,0.083367344315488,151.833449840545654
,202,476,0.000000017989304,0.196048229932785,0.430268287658691,0.234220057725906,0.343657641788992,0.047900654144940,163.581037491559982
,203,455,0.000000017195658,0.248088121414185,0.455343067646027,0.207254946231842,0.390796116027203,0.029996276535567,177.812232792377472
,204,455,0.000000017195658,0.341950416564941,0.547531723976135,0.205581307411194,0.466969742093767,0.041865316406906,212.471232652664185
,205,476,0.000000017989304,0.329044997692108,0.513164639472961,0.184119641780853,0.439878795139429,0.027121551087137,209.382306486368179
,206,455,0.000000017195658,0.223697900772095,0.476437449455261,0.252739548683167,0.409151386101167,0.038354149924709,186.163880676031113
,301,464,0.000000017535792,0.222205564379692,0.434806555509567,0.212600991129875,0.372379153099810,0.034526279347680,172.783927038311958
,302,442,0.000000016704354,0.242609798908234,0.449822336435318,0.207212537527084,0.353301937898360,0.044569732659149,156.159456551074982
,303,490,0.000000018518401,0.259913772344589,0.479177474975586,0.219263702630997,0.408452992110836,0.033842404490571,200.141966134309769
,304,453,0.000000017120073,0.255920171737671,0.476634621620178,0.220714449882507,0.399213777472641,0.042360022087425,180.843841195106506
,305,442,0.000000016704354,0.297289580106735,0.463596940040588,0.166307359933853,0.417511078432135,0.030926881960360,184.539896667003632
,306,490,0.000000018518401,0.222993895411491,0.433758169412613,0.210764274001122,0.359414076136083,0.035912148411134,176.112897306680679
,401,454,0.000000017157866,0.287830978631973,0.421543240547180,0.133712261915207,0.370114182323086,0.024184476886095,168.031838774681091
,402,478,0.000000018064890,0.295164793729782,0.453708082437515,0.158543288707733,0.388214113634999,0.025982648801690,185.566346317529678
,403,455,0.000000017195658,0.304852217435837,0.463420093059540,0.158567875623703,0.408615581150893,0.031301561507328,185.920089423656464
,404,471,0.000000017800341,0.250047504901886,0.497189879417419,0.247142374515533,0.443075719089771,0.031569197012310,208.688663691282272
,405,452,0.000000017082281,0.290437996387482,0.450009286403656,0.159571290016174,0.401973020582073,0.027448629918364,181.691805303096771
,406,455,0.000000017195658,0.273811548948288,0.433082401752472,0.159270852804184,0.369740465250644,0.032997340935720,168.231911689043045
,501,442,0.000000016704354,0.271032929420471,0.417788773775101,0.146755844354630,0.357168679728228,0.029110964088160,157.868556439876556
,502,462,0.000000017460207,0.308759152889252,0.493843466043472,0.185084313154221,0.397582620446816,0.037569409308708,183.683170646429062
,503,488,0.000000018442816,0.276942789554596,0.456742525100708,0.179799735546112,0.402696520151173,0.031259179837086,196.515901833772659
,504,442,0.000000016704354,0.281128764152527,0.485145777463913,0.204017013311386,0.430192540808501,0.031597705112112,190.145103037357330
,505,474,0.000000017913719,0.263454765081406,0.466068536043167,0.202613770961761,0.403401749483644,0.031632277020984,191.212429255247116
,506,471,0.000000017800341,0.261458128690720,0.449610739946365,0.188152611255646,0.371033863530291,0.032553809028217,174.756949722766876
,601,476,0.000000017989304,0.270794570446014,0.455787718296051,0.184993147850037,0.359349199828981,0.042574025448708,171.050219118595123
,602,455,0.000000017195658,0.326288014650345,0.502703785896301,0.176415771245956,0.429924989270640,0.027032656548262,195.615870118141174
,603,457,0.000000017271244,0.280702978372574,0.495219349861145,0.214516371488571,0.426332734606720,0.038185408945970,194.834059715270996
,604,476,0.000000017989304,0.322358429431915,0.509945929050446,0.187587499618530,0.459519763578888,0.030526359977615,218.731407463550568
,605,455,0.000000017195658,0.304232627153397,0.517957985401154,0.213725358247757,0.436997570048322,0.034931168059028,198.833894371986389
,606,474,0.000000017913719,0.276684552431107,0.504469215869904,0.227784663438797,0.427040007106866,0.038142065434926,202.416963368654251
,801,459,0.000000017346829,0.258767753839493,0.430679202079773,0.171911448240280,0.369285157952693,0.030964570877396,169.501887500286102
,802,455,0.000000017195658,0.266174525022507,0.479460597038269,0.213286072015762,0.392111764373360,0.043313779804480,178.410852789878845
,803,476,0.000000017989304,0.355276733636856,0.507348299026489,0.152071565389633,0.464913018924348,0.025320172895627,221.298597007989883
,804,442,0.000000016704354,0.305299937725067,0.522396445274353,0.217096507549286,0.475919777788728,0.029421600973059,210.356541782617569
,805,456,0.000000017233451,0.294734001159668,0.465332329273224,0.170598328113556,0.416324415227823,0.027143276323114,189.843933343887329
,806,477,0.000000018027097,0.255644917488098,0.515085399150848,0.259440481662750,0.425534941615299,0.045867761763486,202.980167150497437
,901,486,0.000000018367231,0.237032294273376,0.427582830190659,0.190550535917282,0.360550567415761,0.031198593423049,175.227575764060020
,902,465,0.000000017573585,0.311274558305740,0.466822087764740,0.155547529459000,0.411330179052968,0.025487446627094,191.268533259630203
,903,442,0.000000016704354,0.373016059398651,0.495127588510513,0.122111529111862,0.447509521272927,0.018319697605607,197.799208402633667
,904,490,0.000000018518401,0.301738590002060,0.516104817390442,0.214366227388382,0.454707401869248,0.035669364165458,222.806626915931702
,905,455,0.000000017195658,0.159266814589500,0.485400736331940,0.326133921742439,0.411826702100890,0.043252607012295,187.381149455904961
,906,443,0.000000016742147,0.268417537212372,0.458507210016251,0.190089672803879,0.397150604033309,0.027415600445082,175.937717586755753
,1001,455,0.000000017195658,0.249952748417854,0.416024982929230,0.166072234511375,0.362167424323795,0.031497742291913,164.786178067326546
,1002,473,0.000000017875926,0.232750147581100,0.454961985349655,0.222211837768555,0.395730844763822,0.038308532438156,187.180689573287964
,1003,457,0.000000017271244,0.377072960138321,0.477438241243362,0.100365281105042,0.432280030696606,0.018669200231520,197.551974028348923
,1004,455,0.000000017195658,0.282411783933640,0.523528873920441,0.241117089986801,0.476080197226870,0.030982968583072,216.616489738225937
,1005,490,0.000000018518401,0.317036509513855,0.497327208518982,0.180290699005127,0.427673347385562,0.026633313034115,209.559940218925476
,1006,442,0.000000016704354,0.328182041645050,0.487349867820740,0.159167826175690,0.420173954842317,0.029199456386971,185.716888040304184
,1101,490,0.000000018518401,0.328347057104111,0.476418793201447,0.148071736097336,0.419182970025101,0.028220924400255,205.399655312299728
,1102,442,0.000000016704354,0.172138318419456,0.450926482677460,0.278788164258003,0.328308201247481,0.061475893098487,145.112224951386452
,1103,461,0.000000017422414,0.288669258356094,0.505991876125336,0.217322617769241,0.433838086311833,0.037902877785644,199.999357789754868
,1104,475,0.000000017951512,0.272120118141174,0.484216541051865,0.212096422910690,0.385672091433876,0.038198757634714,183.194243431091309
,1105,450,0.000000017006695,0.319569975137711,0.465754210948944,0.146184235811234,0.418485145237711,0.024410838965318,188.318315356969833
,1106,476,0.000000017989304,0.323507219552994,0.499714553356171,0.176207333803177,0.435062973814852,0.030395249594530,207.089975535869598
,1201,455,0.000000017195658,0.288820773363113,0.476750046014786,0.187929272651672,0.395940482485425,0.027749475109723,180.152919530868530
,1202,476,0.000000017989304,0.257328003644943,0.461706548929214,0.204378545284271,0.395787170704673,0.039959999140364,188.394693255424500
,1203,449,0.000000016968903,0.324336230754852,0.506565332412720,0.182229101657867,0.445516921032245,0.032162173822835,200.037097543478012
,1204,470,0.000000017762548,0.294597476720810,0.539656221866608,0.245058745145798,0.438667671921405,0.037278604724021,206.173805803060532
,1205,467,0.000000017649170,0.268846899271011,0.504009664058685,0.235162764787674,0.423666547720642,0.036735865310036,197.852277785539627
,1206,442,0.000000016704354,0.352836966514587,0.500196576118469,0.147359609603882,0.449441540969443,0.028069805079710,198.653161108493805
,1301,457,0.000000017271244,0.311927527189255,0.469709813594818,0.157782286405563,0.423834277907920,0.023398166294085,193.692265003919601
,1302,442,0.000000016704354,0.262866944074631,0.457944005727768,0.195077061653137,0.360225747748198,0.045258107975175,159.219780504703522
,1303,490,0.000000018518401,0.332086235284805,0.543529987335205,0.211443752050400,0.458071540934699,0.042077341066064,224.455055058002472
,1304,455,0.000000017195658,0.281493306159973,0.464696913957596,0.183203607797623,0.414994832513097,0.029944979811755,188.822648793458939
,1305,451,0.000000017044488,0.290555477142334,0.482930153608322,0.192374676465988,0.419122064523316,0.030996343386009,189.024051100015640
,1306,478,0.000000018064890,0.331874638795853,0.515412390232086,0.183537751436234,0.443961893851288,0.030059761594908,212.213785260915756
,1501,442,0.000000016704354,0.292116761207581,0.504341900348663,0.212225139141083,0.432879967522298,0.042220152167154,191.332945644855499
,1502,476,0.000000017989304,0.319579124450684,0.444427073001862,0.124847948551178,0.382058935631223,0.025122992676905,181.860053360462189
,1503,455,0.000000017195658,0.261683940887451,0.438700586557388,0.177016645669937,0.354857017836728,0.037749708294164,161.459943115711212
,1504,447,0.000000016893317,0.237357676029205,0.453302353620529,0.215944677591324,0.382684785914368,0.034152998123899,171.060099303722382
,1505,473,0.000000017875926,0.262375175952911,0.432620704174042,0.170245528221130,0.381275609734194,0.026693393411951,180.343363404273987
,1506,455,0.000000017195658,0.262809634208679,0.412046879529953,0.149237245321274,0.339559094918953,0.028662184568870,154.499388188123703
,1601,449,0.000000016968903,0.319672167301178,0.478762626647949,0.159090459346771,0.435951876746520,0.026305055970145,195.742392659187317
,1602,454,0.000000017157866,0.316227823495865,0.443027049303055,0.126799225807190,0.391179321030163,0.022894089079554,177.595411747694016
,1603,490,0.000000018518401,0.256829887628555,0.442517280578613,0.185687392950058,0.392139897662766,0.031402999611826,192.148549854755402
,1604,442,0.000000016704354,0.199916779994965,0.492641419172287,0.292724639177322,0.421050953918992,0.037237269180180,186.104521632194519
,1605,445,0.000000016817732,0.234158679842949,0.469202786684036,0.235044106841087,0.388091198547503,0.036009540878731,172.700583353638649
,1606,490,0.000000018518401,0.122707210481167,0.460754871368408,0.338047660887241,0.363203806855849,0.077705377897405,177.969865359365940
,1701,469,0.000000017724756,0.324565231800079,0.460190296173096,0.135625064373016,0.415406579338411,0.020989509066455,194.825685709714890
,1702,468,0.000000017686963,0.266018688678741,0.462218046188354,0.196199357509613,0.397771394660330,0.034088819129454,186.157012701034546
,1703,455,0.000000017195658,0.256294876337051,0.444560557603836,0.188265681266785,0.394068711799580,0.027913345598365,179.301263868808746
,1704,476,0.000000017989304,0.203495338559151,0.424318224191666,0.220822885632515,0.367647732913244,0.035171258286162,175.000320866703987
,1705,453,0.000000017120073,0.178682819008827,0.379702180624008,0.201019361615181,0.286992896570275,0.039808918615818,130.007782146334648
,1706,455,0.000000017195658,0.285322219133377,0.478542536497116,0.193220317363739,0.400995623999900,0.037836087788133,182.453008919954300
,1801,442,0.000000016704354,0.320778489112854,0.462022811174393,0.141244322061539,0.410854782319177,0.026494230198452,181.597813785076141
,1802,477,0.000000018027097,0.277187377214432,0.476443886756897,0.199256509542465,0.400929889651464,0.039923841142455,191.243557363748550
,1803,469,0.000000017724756,0.293808519840240,0.467881083488464,0.174072563648224,0.408449817123189,0.032053143729958,191.562964230775833
,1804,442,0.000000016704354,0.259332656860352,0.438307672739029,0.178975015878677,0.365642408642294,0.029430749478309,161.613944619894028
,1805,490,0.000000018518401,0.232141375541687,0.459640294313431,0.227498918771744,0.352154373301535,0.044657576819473,172.555642917752266
,1806,456,0.000000017233451,0.289896816015244,0.460505455732346,0.170608639717102,0.391634029058511,0.037201878087984,178.585117250680923
,1901,482,0.000000018216060,0.282543927431107,0.519233047962189,0.236689120531082,0.434799403755991,0.045191909001499,209.573312610387802
,1902,455,0.000000017195658,0.282896220684052,0.498646736145020,0.215750515460968,0.420802847697185,0.037814934751678,191.465295702219009
,1903,459,0.000000017346829,0.278012663125992,0.493956267833710,0.215943604707718,0.428684859169335,0.029201672884740,196.766350358724594
,1904,465,0.000000017573585,0.265015512704849,0.493435829877853,0.228420317173004,0.401565164199439,0.039947007787014,186.727801352739334
,1905,455,0.000000017195658,0.301359415054321,0.498868465423584,0.197509050369263,0.437766476057388,0.029381499662995,199.183746606111526
,1906,486,0.000000018367231,0.323499441146851,0.472205996513367,0.148706555366516,0.421521418317846,0.021597712668044,204.859409302473068
,2001,455,0.000000017195658,0.228973165154457,0.466019123792648,0.237045958638191,0.401436198609216,0.037639113793563,182.653470367193222
,2002,490,0.000000018518401,0.321570992469788,0.467187821865082,0.145616829395294,0.411149256265893,0.026154163400039,201.463135570287704
,2003,442,0.000000016704354,0.242825448513031,0.431114464998245,0.188289016485214,0.368376102989615,0.031422605192605,162.822237521409988
,2004,457,0.000000017271244,0.262357503175735,0.456467568874359,0.194110065698624,0.384493505080889,0.035008013184569,175.713531821966171
,2005,484,0.000000018291646,0.251753926277161,0.441580027341843,0.189826101064682,0.383403606404943,0.035568860089801,185.567345499992371
,2006,442,0.000000016704354,0.344593405723572,0.522231817245483,0.177638411521912,0.431892930045387,0.035872288466156,190.896675080060959
,2201,487,0.000000018405023,0.157757654786110,0.417507410049438,0.259749755263329,0.308804629274952,0.059400922823389,150.387854456901550
,2202,448,0.000000016931110,0.347371339797974,0.543630719184875,0.196259379386902,0.459410105366260,0.038914975681173,205.815727204084396
,2203,442,0.000000016704354,0.233470186591148,0.464702725410461,0.231232538819313,0.422873793178284,0.028859623411514,186.910216584801674
,2204,490,0.000000018518401,0.273219585418701,0.467769056558609,0.194549471139908,0.394945348099786,0.034800835347385,193.523220568895340
,2205,455,0.000000017195658,0.293784618377686,0.437396705150604,0.143612086772919,0.397379664012364,0.025531544464626,180.807747125625610
,2206,444,0.000000016779939,0.387590110301971,0.488740295171738,0.101150184869766,0.447507071602452,0.017804596443989,198.693139791488647
,2301,455,0.000000017195658,0.133536547422409,0.425354152917862,0.291817605495453,0.274670310334845,0.084460155352274,124.974991202354431
,2302,474,0.000000017913719,0.325202941894531,0.468635708093643,0.143432766199112,0.419651893120778,0.023558817333074,198.914997339248657
,2303,450,0.000000017006695,0.250871151685715,0.460270136594772,0.209398984909058,0.411542285746998,0.036659961252898,185.194028586149216
,2304,455,0.000000017195658,0.212455898523331,0.467154562473297,0.254698663949966,0.404231181380513,0.035488367170593,183.925187528133392
,2305,481,0.000000018178268,0.283024102449417,0.441073626279831,0.158049523830414,0.384436061996928,0.025575973122776,184.913745820522308
,2306,442,0.000000016704354,0.355006277561188,0.550109982490540,0.195103704929352,0.479770042845027,0.034176656386323,212.058358937501907
,2401,486,0.000000018367231,0.230071291327477,0.472606629133224,0.242535337805748,0.391762647425196,0.041521641808039,190.396646648645401
,2402,442,0.000000016704354,0.324051529169083,0.459965616464615,0.135914087295532,0.418531397753711,0.020583745163533,184.990877807140350
,2403,479,0.000000018102682,0.246253356337547,0.462920457124710,0.216667100787163,0.417899704209698,0.034552422778216,200.173958316445351
,2404,468,0.000000017686963,0.212804108858109,0.457329481840134,0.244525372982025,0.365006993437170,0.048989402398950,170.823272928595543
,2405,442,0.000000016704354,0.312967985868454,0.506681442260742,0.193713456392288,0.423819110067182,0.037462333805376,187.328046649694443
,2406,476,0.000000017989304,0.343051522970200,0.496686577796936,0.153635054826736,0.454952976846394,0.019892714815171,216.557616978883743
,2501,456,0.000000017233451,0.267515808343887,0.462313354015350,0.194797545671463,0.386014570204312,0.040628085866527,176.022644013166428
,2502,476,0.000000017989304,0.356870234012604,0.494740933179855,0.137870699167252,0.443706432310473,0.023613432744446,211.204261779785156
,2503,455,0.000000017195658,0.237436786293983,0.500829994678497,0.263393208384514,0.418228857726841,0.043460747048643,190.294130265712738
,2504,477,0.000000018027097,0.228312656283379,0.452542006969452,0.224229350686073,0.366352466229873,0.049588765875155,174.750126391649246
,2505,460,0.000000017384622,0.353980153799057,0.479911029338837,0.125930875539780,0.419191348099190,0.022370725810903,192.828020125627518
,2506,452,0.000000017082281,0.369730025529861,0.488951683044434,0.119221657514572,0.453332360273441,0.017555881232587,204.906226843595505
,2601,442,0.000000016704354,0.289920181035995,0.486746609210968,0.196826428174973,0.412198049450352,0.035610804747981,182.191537857055664
,2602,442,0.000000016704354,0.352640360593796,0.483467161655426,0.130826801061630,0.436952364188514,0.021083064536772,193.132944971323013
,2603,490,0.000000018518401,0.283590584993362,0.511959016323090,0.228368431329727,0.452771624497005,0.033594688463751,221.858096003532410
,2604,453,0.000000017120073,0.185302913188934,0.458773344755173,0.273470431566238,0.351678335179819,0.073098001903927,159.310285836458206
,2605,458,0.000000017309036,0.355502456426620,0.483954340219498,0.128451883792877,0.426399290561676,0.025906130950323,195.290875077247620
,2606,479,0.000000018102682,0.346899002790451,0.499636203050613,0.152737200260162,0.459224373288841,0.021199214448123,219.968474805355072
,2701,476,0.000000017989304,0.219642907381058,0.453674823045731,0.234031915664673,0.406147341956111,0.036690456219417,193.326134771108627
,2702,445,0.000000016817732,0.350507020950317,0.484351187944412,0.133844166994095,0.439674203784278,0.022376337219719,195.655020684003830
,2703,455,0.000000017195658,0.169054478406906,0.541310966014862,0.372256487607956,0.456321488271703,0.064714682747696,207.626277163624763
,2704,476,0.000000017989304,0.203989699482918,0.496376514434814,0.292386814951897,0.406414438007759,0.049482456884572,193.453272491693497
,2705,442,0.000000016704354,0.369331240653992,0.483106374740601,0.113775134086609,0.428991258346657,0.020570341305398,189.614136189222336
,2706,466,0.000000017611378,0.312320768833160,0.495589405298233,0.183268636465073,0.450772121996327,0.026961360816379,210.059808850288391